04	05	07	10	12	13	20	29	30
34	41	42	49	49	60	62	62	64
68	70	72	72	73	76	77	78	80
<eod>
01	04	08	18	25	30	33	37	37
37	39	42	43	45	49	54	55	56
59	70	77	78	81	83	94	96	99
<eod>
00	01	11	23	25	27	28	28	29
33	40	40	42	46	47	49	49	50
53	66	66	69	69	73	87	91	97
<eod>
13	14	15	18	21	29	37	37	38
39	40	41	41	45	50	69	73	77
81	86	88	89	91	94	94	95	98
<eod>
05	11	13	13	16	17	20	23	34
40	43	58	59	65	65	67	71	72
75	76	77	79	84	86	87	94	94
<eod>
03	14	14	16	26	32	33	37	40
40	41	42	47	50	52	52	53	56
58	63	72	77	81	89	91	93	97
<eod>
04	07	16	18	20	20	23	31	36
36	37	45	57	61	61	72	72	75
77	79	79	80	86	87	92	93	98
<eod>
02	04	04	05	12	21	22	24	25
31	32	35	39	41	42	54	55	57
59	61	66	68	72	76	79	87	87
<eod>
01	04	05	06	07	08	21	23	28
32	40	46	50	57	61	63	66	67
71	73	77	77	81	83	83	92	94
<eod>
21	22	27	28	31	34	38	40	45
48	49	56	56	57	59	61	64	64
75	83	87	90	90	92	94	97	97
<eod>
00	01	02	03	06	07	24	30	39
40	48	48	52	55	55	57	62	62
64	68	74	75	77	87	88	93	96
<eod>
04	05	06	07	10	11	12	19	20
28	31	33	33	37	37	39	42	50
53	54	60	64	64	69	84	92	95
<eod>
06	16	26	29	32	47	48	53	53
54	55	55	58	60	61	62	63	68
76	77	85	86	89	90	94	97	99
<eod>
14	14	22	24	26	26	26	32	40
41	43	47	50	52	54	61	68	70
74	78	82	82	89	90	92	94	96
<eod>
05	07	07	07	09	15	20	20	41
47	52	63	65	69	69	72	73	76
79	79	81	88	89	96	98	98	98
<eod>
01	02	03	04	07	10	17	18	20
22	25	34	41	49	49	52	62	66
74	75	77	79	80	82	92	95	96
<eod>
03	05	11	16	17	19	22	22	25
27	29	29	31	32	32	34	36	40
42	43	47	60	68	69	77	89	97
<eod>
02	04	09	11	13	17	19	23	25
40	41	43	47	55	55	58	60	65
66	69	70	71	71	89	92	92	99
<eod>
06	07	08	28	29	31	32	35	36
37	37	38	39	41	49	53	57	57
65	67	73	74	86	86	89	94	97
<eod>
01	08	12	13	14	19	23	31	31
38	41	43	49	52	55	56	58	60
60	60	64	70	71	77	93	95	99
<eod>
03	10	13	16	17	23	23	40	42
42	50	51	51	53	54	58	58	65
67	69	75	79	82	83	88	88	88
<eod>
06	16	17	19	25	26	32	32	33
35	35	37	46	48	49	55	58	60
61	64	67	77	81	84	85	90	91
<eod>
04	06	19	23	27	29	33	33	35
37	38	42	43	50	52	59	67	73
77	82	83	84	84	85	94	98	99
<eod>
01	03	03	18	20	24	28	32	34
52	55	58	58	64	64	67	70	70
70	71	72	85	85	87	92	94	97
<eod>
00	04	07	14	18	26	29	32	33
35	49	55	60	66	68	70	71	71
74	77	79	79	82	89	91	94	98
<eod>
04	05	06	06	08	10	20	25	25
29	31	39	39	40	54	57	57	67
74	76	77	80	83	85	89	90	93
<eod>
03	08	09	12	17	18	20	25	29
41	46	49	56	61	62	65	68	70
72	80	82	89	91	93	95	97	98
<eod>
04	13	20	22	31	32	37	40	41
41	46	50	53	55	57	58	59	73
73	81	82	86	90	92	93	95	98
<eod>
00	01	01	06	07	15	16	28	29
34	39	48	48	50	57	62	63	70
77	77	77	80	82	84	86	92	95
<eod>
00	01	06	08	13	20	22	30	38
41	43	44	45	52	52	53	54	55
56	60	61	66	67	84	85	89	91
<eod>
02	05	06	06	08	08	08	25	29
30	30	35	44	51	51	54	55	58
63	72	75	82	85	94	97	97	98
<eod>
07	09	09	11	12	13	16	22	22
22	26	30	34	55	62	66	69	74
76	82	87	88	92	93	96	97	97
<eod>
00	02	08	09	12	16	18	18	30
34	35	39	44	50	54	58	61	65
70	76	76	80	83	85	90	93	96
<eod>
00	03	03	04	05	05	07	08	12
16	16	27	28	32	38	39	52	57
66	67	68	72	75	77	80	80	98
<eod>
01	03	04	04	12	14	27	28	30
30	34	35	37	40	41	61	62	75
75	78	78	79	81	91	95	96	97
<eod>
03	09	16	17	24	28	30	47	47
54	57	59	59	60	62	66	73	83
89	92	93	93	95	96	97	98	98
<eod>