0.768298470668	0.987433131889	1
0.938747391961	0.643285463378	1
0.170738215501	0.0353025020801	0
0.584061455558	0.840324616165	1
0.263893955657	0.169177138378	0
0.933872802237	0.888526188952	1
0.960396190199	0.549859848024	1
0.206627078562	0.13011888674	0
0.23472569866	0.499655097262	0
0.850796925399	0.88526504786	1
0.578418044653	0.902609226697	1
0.709818820941	0.946658567316	1
0.0410547043032	0.292366149252	0
0.239691400183	0.365605085514	0
0.596780776184	0.613941141394	1
0.675535464355	0.692100326934	1
0.760445970216	0.980648142599	1
0.23722513303	0.353178804544	0
0.286620342377	0.473923382287	0
0.995616155823	0.831118592992	1
0.553770967019	0.813636389252	1
0.469332497144	0.200359464333	0
0.372776467626	0.311305575103	0
0.807266761127	0.691089935678	1
0.050824474196	0.31149436461	0
0.734093114923	0.526389732043	1
0.254055770476	0.2749433597	0
0.446699203826	0.278249937241	0
0.898000731722	0.660884272286	1
0.995722036216	0.805747933631	1
0.760487167913	0.938140991091	1
0.452391644096	0.435552141897	0
0.937528493206	0.69762382953	1
0.998022724787	0.68609018006	1
0.491011398266	0.257500988241	0
0.324542173556	0.147793984299	0
0.181310353369	0.22616983706	0
0.285911418998	0.458824334164	0
0.196781872438	0.327660638553	0
0.862032261056	0.516584817984	1
0.0790289532367	0.0558442896262	0
0.610629887839	0.569295043271	1
0.625530977498	0.832619972516	1
0.35106161813	0.368828449317	0
0.0721538014483	0.349070750733	0
0.490744129734	0.479716512219	0
0.430452894722	0.344001954411	0
0.927359486953	0.579486192901	1
0.686148109303	0.820791551936	1
0.364813647725	0.370506848972	0
0.768302130757	0.733592960526	1
0.514844947867	0.795147625726	1
0.178516657958	0.210084899719	0
0.534684550423	0.966220833082	1
0.281429436252	0.0697601432132	0
0.510721998983	0.881044939702	1
0.822407035694	0.618616528305	1
0.796661977566	0.659330081932	1
0.684105985744	0.572336397915	1
0.0951424296962	0.198183136667	0
0.59593259318	0.721404183959	1
0.492878604442	0.242168406788	0
0.0498898379102	0.265056355617	0
0.499609857654	0.469395316166	0
0.66393038506	0.609475020908	1
0.746719502421	0.980345310644	1
0.232829998238	0.319591116581	0
0.127224653657	0.469915378403	0
0.867850338295	0.789533777091	1
0.313061962242	0.102255497947	0
0.844403742242	0.695264191617	1
0.649317062054	0.575470909269	1
0.528759510797	0.675508890909	1
0.637524807321	0.786325488324	1
0.931833206817	0.752024268878	1
0.92205947779	0.881910480496	1
0.809719154694	0.688177299949	1
0.963314617347	0.929166599962	1
0.533206216555	0.751093531512	1
0.751019881952	0.88476824574	1
0.640241140609	0.713714931644	1
0.753028830444	0.657711235685	1
0.233609796636	0.328908064142	0
0.268736046194	0.205721840679	0
0.808464713464	0.608466919969	1
0.769651361421	0.914676633026	1
0.943876763412	0.739730284071	1
0.33440345958	0.088702641372	0
0.916908255351	0.88280774127	1
0.771141283799	0.611380363154	1
0.812956784877	0.796406773982	1
0.813749895369	0.793304136374	1
0.210382987589	0.357766754908	0
0.285877827984	0.295524233751	0
0.447221528942	0.259262830176	0
0.718216615845	0.93935017899	1
0.873008902755	0.693195495565	1
0.401503095526	0.311767336742	0
0.465150835686	0.0789870005426	0
0.0709536768254	0.232346339943	0
0.887407146189	0.801518367446	1
0.525911705178	0.8337177417	1
0.933070158067	0.674297891871	1
0.609819370229	0.621439038558	1
0.078262507962	0.303268004606	0
0.897398273592	0.820882969204	1
0.349542860128	0.035169798574	0
0.0974058744136	0.239787342348	0
0.287304104461	0.173139489113	0
0.997023743346	0.617243869163	1
0.619564586858	0.722612270333	1
0.811548600244	0.940801539885	1
0.00667235698778	0.246122262324	0
0.926280347045	0.733568258168	1
0.984537085984	0.697461244089	1
0.502335641945	0.511183942134	1
0.580897914328	0.902498525478	1
0.466472483676	0.370525724627	0
0.858202700347	0.845313894955	1
0.352352121286	0.0368573597344	0
0.946024083664	0.785701279299	1
0.649378107962	0.524000383008	1
0.157543364828	0.00398797822453	0
0.112100067608	0.333373084262	0
0.384928361078	0.3099445298	0
0.487016233972	0.381229493001	0
0.492283471138	0.391745333902	0
0.134912644687	0.337841296892	0
0.227872622473	0.352444692662	0
0.0141263090222	0.418786807716	0
0.947121629621	0.620800485731	1
0.642833194086	0.882539197971	1
0.82486376893	0.998578481786	1
0.249596008569	0.128081994878	0
0.19947663057	0.249456820307	0
0.420494025362	0.0781978617832	0
0.731731004736	0.697266583211	1
0.417433011417	0.400712938478	0
0.531596499443	0.526046692573	1
0.268871831982	0.234170739146	0
0.111972195608	0.254460279249	0
0.570798420075	0.86278498078	1
0.143331111596	0.213361773992	0
0.605295588232	0.945193329309	1
0.140946244817	0.316307571891	0
0.570105745113	0.919463621138	1
0.2321235534	0.207065046748	0
0.24966874199	0.441395205929	0
0.125338856404	0.475241733024	0
0.836915468428	0.744178264021	1
0.545024744369	0.876924310842	1
0.217088209807	0.196566514621	0
0.792326096685	0.512958886988	1
0.028722140211	0.224775406369	0
0.378602733326	0.447032633842	0
0.70407712049	0.790398633713	1
0.870697902312	0.717609375081	1
0.961768162409	0.510223914439	1
0.678032535347	0.557752362605	1
0.398861569509	0.318651416255	0
0.479778816557	0.475074180974	0
0.109700204104	0.00529833663576	0
0.543212220695	0.728735684567	1
0.64260066368	0.643651690662	1
0.562040579646	0.961272585084	1
0.754183878809	0.879502161952	1
0.493528791452	0.31493800715	0
0.892489739328	0.855580036695	1
0.37618650467	0.46865369342	0
0.152179708977	0.13236833193	0
0.579550016838	0.796636062397	1
0.817795585013	0.903371304669	1
0.413368416736	0.303981311024	0
0.019324979079	0.461082966114	0
0.231937197698	0.492682815535	0
0.905166776321	0.959924976352	1
0.555252157969	0.860988904549	1
0.225087640002	0.0472481523821	0
0.0881383848317	0.113107627794	0
0.851502583907	0.802751411002	1
0.397675642785	0.490674435806	0
0.498442185874	0.034927196913	0
0.925398925191	0.74450378872	1
0.949562886816	0.579858822184	1
0.0988125994513	0.144069384271	0
0.651080947474	0.529709998971	1
0.623630978528	0.562713745471	1
0.249715127436	0.0576354456306	0
0.146813673893	0.0439963989682	0
0.54061718587	0.904504763698	1
0.869556143368	0.728021606486	1
0.0913748251713	0.208203702034	0
0.598862432458	0.836171914018	1
0.315769789667	0.393872348326	0
0.155242418375	0.193061279125	0
0.182932833456	0.346263940477	0
0.183949570086	0.447781904013	0
0.719807971996	0.909623173249	1
0.88067509253	0.587727816498	1
0.86477768227	0.661892431682	1
0.52178755056	0.539177424431	1
0.320762026185	0.281931809588	0
0.0616995212057	0.0779022144503	0
0.158947820222	0.413685765619	0
0.399334483202	0.409235494819	0
0.391499174986	0.314573636535	0
0.663559612062	0.828826129521	1
0.201900418776	0.458015704186	0
0.378562159007	0.479003332148	0
0.742003260384	0.843265655134	1
0.471694943557	0.308324785237	0
0.302179105204	0.145914958096	0
0.109970327929	0.204030577738	0
0.876992631815	0.59531535668	1
0.17776814338	0.0657710851046	0
0.785483051744	0.659603950206	1
0.84817691612	0.805329288026	1
0.540647889815	0.678780219155	1
0.104544227232	0.314120607487	0
0.997076911276	0.973554444888	1
0.598021032336	0.943282959399	1
0.60703827378	0.830777045925	1
0.313782400282	0.207417456014	0
0.616645547657	0.598279454919	1
0.181273078548	0.394443866097	0
0.913588915927	0.546613696971	1
0.0113962070983	0.243840888118	0
0.0906634536574	0.475200149543	0
0.930779529526	0.685038754828	1
0.394121972675	0.188660461892	0
0.55125823747	0.912516835882	1
0.399989227312	0.164614804236	0
0.712316961208	0.543205713539	1
0.584322414669	0.767616238302	1
0.76280360254	0.841984568617	1
0.517775552116	0.864944983186	1
0.368534910511	0.0100603776864	0
0.883009410766	0.978053380678	1
0.0883979813791	0.190797886583	0
0.956213634936	0.617495172559	1
0.18976597197	0.228994316375	0
0.164524132233	0.172352056855	0
0.177961913475	0.242352782043	0
0.846459491708	0.665860585764	1
0.710556011899	0.980722761005	1
0.464106250924	0.222339760246	0
0.199935413834	0.111799102042	0
0.597386255316	0.801294475176	1
0.660498217036	0.563539693215	1
0.147622142502	0.0680074352299	0
0.866822732194	0.695428114823	1
0.725789705365	0.812871994254	1
0.0830990844882	0.251777438755	0
0.411490507735	0.205934865866	0
0.633848533988	0.86070041686	1
0.326589272316	0.245655397412	0
0.0934107109004	0.492000969583	0
0.703549023943	0.611791222056	1
0.207293582689	0.481325695758	0
0.697973958856	0.956428669332	1
0.0106797694287	0.431203848004	0
0.495998325552	0.011912551978	0
0.284690583482	0.428099154964	0
0.925935566212	0.90044113656	1
0.66122836213	0.58666182617	1
0.953490970796	0.780041435968	1
0.434067939269	0.455071888753	0
0.819881565554	0.653834107797	1
0.964793768038	0.802233590936	1
0.994810455649	0.69009730161	1
0.408007194832	0.436156387052	0
0.0212100797597	0.259788839228	0
0.931858416317	0.929463852618	1
0.54372463281	0.840977031435	1
0.48783925981	0.0114475576046	0
0.396272081119	0.291599963613	0
0.797654705365	0.798025894299	1
0.659692557713	0.894250127589	1
0.226560640439	0.20589671797	0
0.017712362671	0.325469007558	0
0.912012240791	0.915182812358	1
0.277202867954	0.235761568745	0
0.29724733301	0.254760386257	0
0.647220735226	0.745138111011	1
0.281142121101	0.0170987985355	0
0.830579336104	0.710500341674	1
0.347759018444	0.057460460165	0
0.625432801227	0.891387380656	1
0.603571911147	0.552418583624	1
0.828863427432	0.918010920497	1
0.553482028786	0.823376531372	1
0.807254368007	0.786472115841	1
0.851766909835	0.994241105956	1
0.610849510752	0.754815741193	1
0.786789699803	0.87033930229	1
0.493014461236	0.187999016192	0
0.346174649314	0.236452327336	0
0.101620811218	0.33106604838	0
0.456150384995	0.269627328242	0
0.838055807413	0.524183310212	1
0.0292036211569	0.422860747332	0
0.88288599167	0.521855463157	1
0.957864456123	0.788840380596	1
0.949322973868	0.534318057482	1
0.951495467282	0.662449821927	1
0.201223511317	0.0978568191104	0
0.014096582689	0.315176008166	0
0.8909883993	0.745291604182	1
0.944550709348	0.660140049643	1
0.230669589261	0.0243924606434	0
0.103007747004	0.275624167853	0
0.884152733016	0.554718564508	1
0.538151330436	0.507961700409	1
0.195267020898	0.255164017051	0
0.263706558607	0.319997794193	0
0.796149114326	0.517853953674	1
0.213347615834	0.206454077253	0
0.330998703462	0.297372879353	0
0.399433904113	0.307735881508	0
0.765286250277	0.910575557453	1
0.700149239701	0.614240325738	1
0.690468457951	0.599941803199	1
0.00587284377588	0.349725146355	0
0.976265391834	0.552057083134	1
0.108330824229	0.053385260245	0
0.798696029387	0.861783234571	1
0.394948929014	0.460067754088	0
0.0110805117668	0.0757418320758	0
0.19171981002	0.0662906785833	0
0.283961255531	0.439146855926	0
0.67959743058	0.816345646748	1
0.275204891077	0.244725023718	0
0.0534732644878	0.166972905757	0
0.650586962837	0.739243198833	1
0.663847096736	0.587022805553	1
0.848621525674	0.987948745856	1
0.324723625919	0.397834371986	0
0.363433123348	0.33678969073	0
0.426645393614	0.077617661775	0
0.677782592096	0.867252552127	1
0.274383905406	0.187052728094	0
0.78813496441	0.631499572341	1
0.854290816155	0.62969106793	1
0.283584585563	0.245044254185	0
0.481972121394	0.0151700286501	0
0.57193706348	0.821278560971	1
0.496632571784	0.0612794727528	0
0.574448768735	0.561923139269	1
0.203311394867	0.322824623376	0
0.636108876566	0.587823356643	1
0.955970390337	0.929064050815	1
0.623789318699	0.689593353994	1
0.931137790179	0.744155760677	1
0.680235443596	0.956589176112	1
0.521281989852	0.904526527693	1
0.626443637492	0.604092518619	1
0.288044772296	0.271776972129	0
0.306862049178	0.410699735119	0
0.73118872526	0.912972122113	1
0.627118007098	0.648172389828	1
0.952647304711	0.968735362905	1
0.166404120447	0.357747592529	0
0.300719990937	0.107157836647	0
0.999289000314	0.735927567274	1
0.181490211376	0.396928733726	0
0.167954645579	0.0937118798132	0
0.358140228912	0.284296056514	0
0.0743999805808	0.493476011742	0
0.350248686118	0.00887913083825	0
0.134607713324	0.493313976089	0
0.116240756311	0.17132611397	0
0.962596987194	0.976929267658	1
0.887004421861	0.573959320928	1
0.273632726725	0.428075312887	0
0.0153735396673	0.0553771529112	0
0.0781814756582	0.15499007725	0
0.89743193046	0.918306951929	1
0.264494410459	0.0492774981172	0
0.552574180399	0.945875470448	1
0.319085422337	0.438300332864	0
0.726965533266	0.684894691395	1
0.148511033106	0.150919454242	0
0.896508778458	0.872255379191	1
0.949717353462	0.708888411826	1
0.998285961576	0.658136984775	1
0.466115579411	0.156494800139	0
0.0326925622532	0.130759792955	0
0.362708844616	0.0707692781317	0
0.285875538621	0.240737739743	0
0.801798769545	0.760776714772	1
0.391840972725	0.0318400886607	0
0.849811915631	0.561082775139	1
0.635222345428	0.598279716293	1
0.635370636986	0.96664525004	1
0.391093181021	0.492872329334	0
0.260635388448	0.446473934623	0
0.919673871164	0.558124192773	1
0.441325939972	0.110156779873	0
0.0465362662874	0.376666361263	0
0.826182891093	0.641020148353	1
0.766259386712	0.551923084742	1
0.784747121581	0.972000113846	1
0.344860764898	0.121755697373	0
0.624385420146	0.596968049103	1
0.87746195761	0.516507441271	1
0.756855141577	0.877452268652	1
0.98566535495	0.593655015685	1
0.488805510359	0.469284748954	0
0.26893516298	0.0501885765023	0
0.473962638402	0.147217286419	0
0.807323534428	0.809252110415	1
0.96484480169	0.745010409447	1
0.900217505152	0.814992998841	1
0.921057391692	0.68439389607	1
0.998100579172	0.587312075651	1
0.331804830683	0.397008365477	0
0.10279747998	0.415753613702	0
0.496489045849	0.189846160386	0
0.92534277712	0.850633814931	1
0.345810842444	0.326222342919	0
0.0555726832285	0.466928544647	0
0.706930636784	0.701220929078	1
0.999207232218	0.623521781593	1
0.301263715853	0.146331815012	0
0.985221740843	0.971738901884	1
0.597787658548	0.765582250427	1
0.0640993139038	0.121333927858	0
0.131698559277	0.00454859028934	0
0.973919252477	0.757522333635	1
0.0931441681677	0.0345282020356	0
0.463102524389	0.276205757901	0
0.871996439507	0.734111505347	1
0.262742639828	0.466306518527	0
0.476877484969	0.162358021833	0
0.617576749143	0.50990313829	1
0.298378146259	0.48379474781	0
0.546908507609	0.956097935442	1
0.868720619648	0.867199033705	1
0.282574421032	0.0964006827583	0
0.145337243476	0.0221628356934	0
0.10208077571	0.442379449632	0
0.390710550848	0.296015878836	0
0.499523191431	0.164811455428	0
0.229242851539	0.288119368162	0
0.0723467025702	0.205723318427	0
0.661030669426	0.82463781359	1
0.670924167702	0.732259104449	1
0.444116638491	0.499274844947	0
0.274012204306	0.27198599501	0
0.245241782887	0.33834226121	0
0.894320385599	0.865791502566	1
0.38238430593	0.19075192063	0
0.621021887515	0.592116280673	1
0.458351727696	0.312532248505	0
0.372880861629	0.00393520327241	0
0.385932502494	0.0296060281475	0
0.732698923878	0.591867134802	1
0.665292882782	0.506929887496	1
0.195047693417	0.363253591912	0
0.353196494901	0.120662378115	0
0.894993324464	0.505836863104	1
0.389986108561	0.236550137419	0
0.38183910307	0.46213840632	0
0.0282617508955	0.0938071586494	0
0.418832224911	0.261132721172	0
0.747833826484	0.681914950763	1
0.638143046378	0.50969945507	1
0.493703177166	0.222356816259	0
0.0726744634752	0.478590052858	0
0.843610125715	0.665771794618	1
0.396042541492	0.40530503225	0
0.181757791596	0.403884074734	0
0.781972346475	0.576874797693	1
0.753742510833	0.941088326994	1
0.738257053858	0.566812868843	1
0.726316576065	0.892290585538	1
0.994899153326	0.692573440168	1
0.126920045544	0.11323805862	0
0.292866239969	0.125155684318	0
0.594418624105	0.58188288492	1
0.197193683477	0.112305178967	0
0.608594686116	0.978286344554	1
0.145456746129	0.0182677391147	0
0.64483757802	0.889548996682	1
0.717267727218	0.873113285407	1
0.380282764514	0.111284680914	0
0.49493376149	0.163437582715	0
0.338577623717	0.164042611513	0
0.296893035735	0.323701863333	0
0.288050404549	0.371138887352	0
0.804076126458	0.847042056842	1
0.52852435373	0.729040954662	1
0.136387263242	0.247027623174	0
0.0355620779423	0.0620155854296	0
0.941119880344	0.820332348061	1
0.00543245877776	0.35637285951	0
0.15460695546	0.482610022026	0
0.281139413576	0.313123274998	0
0.364187102156	0.184990692357	0
0.396941698488	0.228827151792	0
0.687252368104	0.987112969908	1
0.0172495326767	0.379952912553	0
0.149664148591	0.130136929833	0
0.872274952266	0.754597368784	1
0.00759470118697	0.0993448182699	0
0.782905400088	0.590616321364	1
0.631261263669	0.610279103875	1
0.339599706207	0.0103776444577	0
0.590496870169	0.737149852929	1
0.454021850132	0.135443821673	0
0.463433539578	0.29090495968	0
0.139985217764	0.302047618578	0
0.695937396925	0.776043682292	1
0.901361134346	0.827351266719	1
0.0815198713501	0.174691772529	0
0.860464438242	0.945728801756	1
0.595222346456	0.635329801017	1
0.744680592938	0.547303059522	1
0.442684227281	0.0898316977084	0
0.952153154657	0.821310710893	1
0.325263116104	0.158492307493	0
0.118610136687	0.122466596494	0
0.443369863886	0.294499426624	0
0.0645247027435	0.0383540704498	0
0.297848814642	0.455302841698	0
0.0301385411044	0.0956493334669	0
0.759600797967	0.903102400865	1
0.832997698454	0.688142412734	1
0.15329235718	0.0374863073474	0
0.67939776714	0.937819139102	1
0.315336046305	0.490568885014	0
