0.0	-0.01018491021
0.001	-0.00846087486208
0.002	0.00493748284136
0.003	-0.00794209834333
0.004	-0.0259513395858
0.005	-0.0384970805265
0.006	0.0183639355371
0.007	0.0517394838143
0.008	-0.020748456753
0.009	0.0130509527645
0.01	0.0235380714726
0.011	0.0577578128569
0.012	0.0166601214846
0.013	0.0233109787275
0.014	0.0486737058726
0.015	0.0354284277858
0.016	-0.00390181399567
0.017	0.0440018988498
0.018	0.00745496692653
0.019	-0.028480705551
0.02	0.0678510913148
0.021	0.008880210799
0.022	0.00264189598029
0.023	-0.0173288763527
0.024	0.0546222886144
0.025	0.0479867661476
0.026	0.014642577004
0.027	0.025886672599
0.028	-0.0170407342127
0.029	0.0327064086487
0.03	0.0562763408255
0.031	0.00971769054995
0.032	-0.014109904553
0.033	0.0118099312938
0.034	0.000621235431417
0.035	-0.0101422298345
0.036	0.0221268796047
0.037	0.000970229526489
0.038	0.0325600027087
0.039	0.0782120291193
0.04	0.0643260339972
0.041	0.00204966578018
0.042	0.0685283304745
0.043	0.0765805666641
0.044	-0.00505339422502
0.045	0.0797198267507
0.046	-0.000268357917471
0.047	0.0615184440725
0.048	0.0666499644746
0.049	0.0349714265448
0.05	0.0795369884811
0.051	0.0296889359092
0.052	0.0796241088764
0.053	0.0688359351525
0.054	0.0462184490363
0.055	0.0738456822348
0.056	0.0933592885874
0.057	0.0399784018876
0.058	0.0341932455712
0.059	0.0379193283886
0.06	0.0254722352935
0.061	0.0405102783254
0.062	0.0463007277898
0.063	0.0828776633612
0.064	0.0490468545173
0.065	0.0673916682902
0.066	0.0267224859264
0.067	0.116612697703
0.068	0.0850171445622
0.069	0.0568240003482
0.07	0.0811528020902
0.071	0.112613386025
0.072	0.113720631229
0.073	0.036671184284
0.074	0.0251366980407
0.075	0.113805945214
0.076	0.125687289568
0.077	0.0555602489158
0.078	0.0963087799657
0.079	0.0902245108596
0.08	0.0365376101532
0.081	0.0761955818017
0.082	0.0769643967258
0.083	0.0332777930435
0.084	0.0536728330389
0.085	0.131194737964
0.086	0.0701414290597
0.087	0.0507742409873
0.088	0.0937232573042
0.089	0.115928307321
0.09	0.0894224935173
0.091	0.068288005826
0.092	0.128995625451
0.093	0.0811435698568
0.094	0.142712009022
0.095	0.072050983259
0.096	0.139401127561
0.097	0.124627754057
0.098	0.0737280784589
0.099	0.148497122369
0.1	0.117938983275
0.101	0.0822188475769
0.102	0.105531263066
0.103	0.0892629408807
0.104	0.0739721486544
0.105	0.108958594193
0.106	0.144300054397
0.107	0.0631831196439
0.108	0.125005392311
0.109	0.15559719507
0.11	0.144657335727
0.111	0.113363147742
0.112	0.0797043252688
0.113	0.0753507598369
0.114	0.122787806933
0.115	0.154163156925
0.116	0.0947935546895
0.117	0.148935308767
0.118	0.108601475473
0.119	0.16075249496
0.12	0.141907640905
0.121	0.155246264947
0.122	0.111359029839
0.123	0.076051874675
0.124	0.0757973998089
0.125	0.140748938746
0.126	0.130149363713
0.127	0.08609042125
0.128	0.118222816209
0.129	0.175533512213
0.13	0.166078501937
0.131	0.176494621046
0.132	0.103119796637
0.133	0.104298561713
0.134	0.145415431056
0.135	0.17456263613
0.136	0.088060890406
0.137	0.148453546649
0.138	0.153492995965
0.139	0.164507680929
0.14	0.111759874118
0.141	0.14466577636
0.142	0.0986002094366
0.143	0.14424501467
0.144	0.125011761101
0.145	0.154090709368
0.146	0.194198011725
0.147	0.150495956766
0.148	0.134309715737
0.149	0.137283843791
0.15	0.161599690127
0.151	0.192487471006
0.152	0.165379664371
0.153	0.195469327981
0.154	0.117378510105
0.155	0.192794824647
0.156	0.194408586389
0.157	0.198199695485
0.158	0.114818432301
0.159	0.113351840071
0.16	0.204532765168
0.161	0.177160741087
0.162	0.18386471225
0.163	0.156621570277
0.164	0.129853899769
0.165	0.14422477966
0.166	0.16832790511
0.167	0.117432899406
0.168	0.133340535649
0.169	0.202134275394
0.17	0.208291404085
0.171	0.212730620904
0.172	0.153311914451
0.173	0.204116185626
0.174	0.1677946548
0.175	0.197524790958
0.176	0.201187739159
0.177	0.177677685102
0.178	0.17019563288
0.179	0.179247839528
0.18	0.211718714612
0.181	0.171593017813
0.182	0.171106653874
0.183	0.14519231714
0.184	0.16005655681
0.185	0.149711331206
0.186	0.192509182868
0.187	0.147847066157
0.188	0.219756657736
0.189	0.218347373497
0.19	0.16224814763
0.191	0.168572569152
0.192	0.162579291969
0.193	0.177668499992
0.194	0.233266857864
0.195	0.151431748744
0.196	0.212484370983
0.197	0.230362680417
0.198	0.161353992843
0.199	0.221486656073
0.2	0.204860022808
0.201	0.183586725177
0.202	0.219382245213
0.203	0.185701459427
0.204	0.171165364584
0.205	0.244776243295
0.206	0.236313709763
0.207	0.232888232353
0.208	0.201973816061
0.209	0.161001315607
0.21	0.233815236577
0.211	0.195130201833
0.212	0.252836144116
0.213	0.228853653283
0.214	0.219516661193
0.215	0.242829182355
0.216	0.233127559057
0.217	0.251995328601
0.218	0.244279797377
0.219	0.238164278356
0.22	0.195245931771
0.221	0.223328543273
0.222	0.237754966061
0.223	0.253237487292
0.224	0.235363128651
0.225	0.206944038482
0.226	0.238333171384
0.227	0.222140765303
0.228	0.192163759469
0.229	0.250090273063
0.23	0.237101630039
0.231	0.240483850435
0.232	0.251192950134
0.233	0.215996280269
0.234	0.211408003765
0.235	0.256504818908
0.236	0.191220279651
0.237	0.261820731721
0.238	0.190484558043
0.239	0.216803146803
0.24	0.276745751718
0.241	0.193670893603
0.242	0.241238259498
0.243	0.268880069525
0.244	0.19835455996
0.245	0.234196722093
0.246	0.205341365168
0.247	0.215545521825
0.248	0.223419630552
0.249	0.246246483366
0.25	0.219365658861
0.251	0.215723126324
0.252	0.301492570084
0.253	0.299490044971
0.254	0.254636780893
0.255	0.248489307513
0.256	0.246840512107
0.257	0.247135593459
0.258	0.209144697451
0.259	0.278467124492
0.26	0.247807875167
0.261	0.276833023715
0.262	0.272915013789
0.263	0.23056853797
0.264	0.274342750713
0.265	0.276767311673
0.266	0.218707272033
0.267	0.217539034123
0.268	0.286601629209
0.269	0.232706948665
0.27	0.25406115295
0.271	0.280768402675
0.272	0.254856455625
0.273	0.239263057912
0.274	0.262009867525
0.275	0.316113904656
0.276	0.258978297099
0.277	0.302356659929
0.278	0.29787417132
0.279	0.230591331498
0.28	0.244997770092
0.281	0.314293371042
0.282	0.319069240775
0.283	0.322345533795
0.284	0.236456844487
0.285	0.239920178106
0.286	0.317943697718
0.287	0.274903342697
0.288	0.246647278662
0.289	0.279441302105
0.29	0.314441732645
0.291	0.241334491203
0.292	0.278286219046
0.293	0.323282055944
0.294	0.256830215227
0.295	0.283871761934
0.296	0.334017852927
0.297	0.295283954196
0.298	0.306790560864
0.299	0.31277360844
0.3	0.337347903512
0.301	0.285539659366
0.302	0.259056839989
0.303	0.320637508289
0.304	0.305893875119
0.305	0.272246260115
0.306	0.26299261918
0.307	0.273490499471
0.308	0.27461195424
0.309	0.266531271592
0.31	0.27452372685
0.311	0.267401178858
0.312	0.263105120404
0.313	0.355700166089
0.314	0.358750883537
0.315	0.306627765357
0.316	0.315118250674
0.317	0.293757236017
0.318	0.28618316735
0.319	0.364211121421
0.32	0.317481323024
0.321	0.332501194904
0.322	0.325741612899
0.323	0.360985827468
0.324	0.344303104884
0.325	0.339288386435
0.326	0.31965945403
0.327	0.326685020391
0.328	0.345308020407
0.329	0.322516696345
0.33	0.360624059912
0.331	0.300907257441
0.332	0.346630671573
0.333	0.286434164843
0.334	0.324503880241
0.335	0.381354009637
0.336	0.364196496935
0.337	0.383866638345
0.338	0.316820728864
0.339	0.309421369503
0.34	0.301167776488
0.341	0.348360049406
0.342	0.321591677615
0.343	0.298956710387
0.344	0.332149625772
0.345	0.384934675018
0.346	0.341501824613
0.347	0.381195899621
0.348	0.368122750555
0.349	0.331065892807
0.35	0.311057040066
0.351	0.316637243772
0.352	0.355009225288
0.353	0.341501186803
0.354	0.361600099247
0.355	0.312696611562
0.356	0.30922909478
0.357	0.347390865477
0.358	0.313464037572
0.359	0.365512179453
0.36	0.3189606321
0.361	0.369587809714
0.362	0.375099391451
0.363	0.320972974021
0.364	0.392802774155
0.365	0.38444297872
0.366	0.397135163985
0.367	0.383650856172
0.368	0.324079066389
0.369	0.35465942792
0.37	0.326444494111
0.371	0.345612250943
0.372	0.371312647061
0.373	0.394454150346
0.374	0.35987947129
0.375	0.380737329944
0.376	0.413361580983
0.377	0.333002814485
0.378	0.334849404465
0.379	0.345086867498
0.38	0.39409476974
0.381	0.346814285168
0.382	0.338606467858
0.383	0.417022076513
0.384	0.401807782957
0.385	0.35391948505
0.386	0.345060137973
0.387	0.41357612221
0.388	0.392621946698
0.389	0.354744448665
0.39	0.340452299543
0.391	0.436252405653
0.392	0.404923941978
0.393	0.404573659872
0.394	0.428027673724
0.395	0.350163809394
0.396	0.359724573813
0.397	0.375272829984
0.398	0.37296894082
0.399	0.410689406542
0.4	0.385991425833
0.401	0.380231023168
0.402	0.390499880152
0.403	0.387396030906
0.404	0.434398509049
0.405	0.355635675495
0.406	0.424481955218
0.407	0.390211048944
0.408	0.434476061709
0.409	0.412732269984
0.41	0.459923279879
0.411	0.414980933553
0.412	0.368840995134
0.413	0.370931331283
0.414	0.452884261373
0.415	0.398572910651
0.416	0.423555997097
0.417	0.401274542961
0.418	0.440801200975
0.419	0.455764206018
0.42	0.463361142035
0.421	0.382033995303
0.422	0.384186761453
0.423	0.413949833118
0.424	0.393310993597
0.425	0.458199763478
0.426	0.405626729275
0.427	0.389457113307
0.428	0.398635556516
0.429	0.390331009674
0.43	0.381557137199
0.431	0.390970981514
0.432	0.479392867953
0.433	0.45871677211
0.434	0.387771835366
0.435	0.437991935447
0.436	0.423446847328
0.437	0.450214608507
0.438	0.441926972612
0.439	0.392933514863
0.44	0.479595506719
0.441	0.411787115871
0.442	0.396018888515
0.443	0.453395701895
0.444	0.412706148565
0.445	0.483743052478
0.446	0.39996314299
0.447	0.488203591105
0.448	0.435244528873
0.449	0.482777342655
0.45	0.485802357928
0.451	0.411923500197
0.452	0.4166476724
0.453	0.494576857611
0.454	0.445077288056
0.455	0.501105583504
0.456	0.504435507462
0.457	0.414556760895
0.458	0.489337661684
0.459	0.489613283165
0.46	0.498163854104
0.461	0.503412804927
0.462	0.415960925638
0.463	0.494116624193
0.464	0.46412829444
0.465	0.445700749173
0.466	0.465050303115
0.467	0.440925201584
0.468	0.419782404258
0.469	0.484403529828
0.47	0.448430002404
0.471	0.514945653764
0.472	0.448489897174
0.473	0.425116715348
0.474	0.51901731179
0.475	0.466191440498
0.476	0.445887820568
0.477	0.509437758357
0.478	0.439191474453
0.479	0.510924735434
0.48	0.513706535608
0.481	0.492186434414
0.482	0.475831400456
0.483	0.438469707246
0.484	0.438071897314
0.485	0.449072949562
0.486	0.458363291775
0.487	0.467004927167
0.488	0.487859487703
0.489	0.533921057353
0.49	0.442169246072
0.491	0.531726106155
0.492	0.541473225498
0.493	0.465098692015
0.494	0.524454243085
0.495	0.519100980835
0.496	0.477134021025
0.497	0.505683980397
0.498	0.536074389519
0.499	0.485794241371
0.5	0.472272153719
0.501	0.470596875828
0.502	0.512838474916
0.503	0.45476242153
0.504	0.510046245424
0.505	0.473257684692
0.506	0.470847979349
0.507	0.50076269933
0.508	0.473674135983
0.509	0.524655467354
0.51	0.493584677699
0.511	0.471617233676
0.512	0.521572665512
0.513	0.479557665642
0.514	0.50235564778
0.515	0.489408381676
0.516	0.549434122044
0.517	0.534464059782
0.518	0.48048443536
0.519	0.510004858057
0.52	0.521841266532
0.521	0.514603475811
0.522	0.540950070988
0.523	0.503538578429
0.524	0.483250598808
0.525	0.508651854431
0.526	0.504130273122
0.527	0.543239384047
0.528	0.502976582818
0.529	0.555372492345
0.53	0.549595554662
0.531	0.549701386256
0.532	0.495666865234
0.533	0.495871255174
0.534	0.545135252585
0.535	0.577199232428
0.536	0.573866175355
0.537	0.49098482837
0.538	0.551404745317
0.539	0.586593705115
0.54	0.555834686223
0.541	0.540116249846
0.542	0.523343056557
0.543	0.552485260494
0.544	0.516964520737
0.545	0.571583505482
0.546	0.536613440394
0.547	0.506427179056
0.548	0.499088720807
0.549	0.526420464267
0.55	0.5575197866
0.551	0.582725094328
0.552	0.529361780786
0.553	0.586690661864
0.554	0.552509505088
0.555	0.540405997172
0.556	0.551770331718
0.557	0.542234846959
0.558	0.599099557794
0.559	0.599615590542
0.56	0.572534892705
0.561	0.575357271347
0.562	0.53236638103
0.563	0.543285221104
0.564	0.526957632497
0.565	0.531387940615
0.566	0.522719064988
0.567	0.524203203102
0.568	0.609063898227
0.569	0.539562360414
0.57	0.553781203769
0.571	0.588779524274
0.572	0.566226950157
0.573	0.61649940785
0.574	0.583313973188
0.575	0.593754139688
0.576	0.587710901754
0.577	0.573339229829
0.578	0.552697878129
0.579	0.560336999871
0.58	0.564302318919
0.581	0.538074729467
0.582	0.553994999628
0.583	0.564874492756
0.584	0.550128262014
0.585	0.540366152201
0.586	0.605104645448
0.587	0.586880135538
0.588	0.609765950562
0.589	0.616723792208
0.59	0.621527399796
0.591	0.577108120699
0.592	0.591066995242
0.593	0.589402813165
0.594	0.545001636129
0.595	0.632714484022
0.596	0.613876448162
0.597	0.618166309773
0.598	0.552137188755
0.599	0.565235061858
0.6	0.603036816553
0.601	0.556917304651
0.602	0.647164482367
0.603	0.631875697628
0.604	0.653523487784
0.605	0.588475307024
0.606	0.568453557993
0.607	0.590214196665
0.608	0.559861433941
0.609	0.619477515466
0.61	0.56811190732
0.611	0.602770576796
0.612	0.594223666394
0.613	0.639984272641
0.614	0.62723507317
0.615	0.626447674511
0.616	0.631272835476
0.617	0.601846122033
0.618	0.640942104517
0.619	0.572876797181
0.62	0.61989880376
0.621	0.586932196121
0.622	0.580897761233
0.623	0.641721979069
0.624	0.627359958996
0.625	0.654269932279
0.626	0.669205082435
0.627	0.676048557789
0.628	0.651862530485
0.629	0.677484142941
0.63	0.652746554255
0.631	0.668207636248
0.632	0.60645753683
0.633	0.61421098091
0.634	0.591704119172
0.635	0.607486062549
0.636	0.625446826934
0.637	0.665373833484
0.638	0.602736005992
0.639	0.669696028479
0.64	0.673501747028
0.641	0.664146386847
0.642	0.649797995064
0.643	0.647868071769
0.644	0.603503067146
0.645	0.664147744424
0.646	0.662970237408
0.647	0.634536821894
0.648	0.660113559498
0.649	0.68194167481
0.65	0.645727886527
0.651	0.653981350449
0.652	0.665474414825
0.653	0.701282342785
0.654	0.610862979512
0.655	0.673676402965
0.656	0.704982924619
0.657	0.699228686913
0.658	0.656360317272
0.659	0.693847897881
0.66	0.701697693927
0.661	0.682104382725
0.662	0.635010383606
0.663	0.707371955331
0.664	0.672191984085
0.665	0.685645500924
0.666	0.684644668049
0.667	0.627452184162
0.668	0.661223834838
0.669	0.712933175865
0.67	0.682975783296
0.671	0.707064371431
0.672	0.674211191276
0.673	0.699112707682
0.674	0.683183908957
0.675	0.693398683648
0.676	0.628399374268
0.677	0.66115148161
0.678	0.649275956766
0.679	0.655216284974
0.68	0.711438045966
0.681	0.656331339066
0.682	0.645281256409
0.683	0.65466094727
0.684	0.718683211863
0.685	0.730848769338
0.686	0.648822138022
0.687	0.687717342628
0.688	0.698039129125
0.689	0.677846693643
0.69	0.701257742753
0.691	0.653667421953
0.692	0.684644235081
0.693	0.70245759426
0.694	0.735278119823
0.695	0.651198939284
0.696	0.701185938614
0.697	0.704176431495
0.698	0.664763964151
0.699	0.661803954048
0.7	0.702846205283
0.701	0.708040297467
0.702	0.684180294587
0.703	0.695322767443
0.704	0.735811807729
0.705	0.720057324211
0.706	0.706526678581
0.707	0.68663892233
0.708	0.757063455524
0.709	0.678181335863
0.71	0.757436603905
0.711	0.737640870811
0.712	0.70858300366
0.713	0.749948821296
0.714	0.746963886119
0.715	0.725472258329
0.716	0.752905779571
0.717	0.739676408724
0.718	0.753076162546
0.719	0.760352972064
0.72	0.695019856035
0.721	0.678138867016
0.722	0.735559047988
0.723	0.681048239786
0.724	0.710731332997
0.725	0.735862674507
0.726	0.700501361469
0.727	0.678612361735
0.728	0.71595676155
0.729	0.742409169751
0.73	0.710836168351
0.731	0.692149859037
0.732	0.749454717651
0.733	0.694166487688
0.734	0.781502595128
0.735	0.749220266038
0.736	0.759718626111
0.737	0.753077419265
0.738	0.723347975483
0.739	0.720968586486
0.74	0.763299117378
0.741	0.718805562015
0.742	0.719183426826
0.743	0.765592083949
0.744	0.771508300111
0.745	0.695466671799
0.746	0.699887760636
0.747	0.714045441761
0.748	0.748482622162
0.749	0.719752152295
0.75	0.748538244343
0.751	0.701024758097
0.752	0.708720468353
0.753	0.800804413035
0.754	0.740398785107
0.755	0.750691931504
0.756	0.795778805033
0.757	0.792930074747
0.758	0.716706152588
0.759	0.775894892007
0.76	0.798355571395
0.761	0.71587625331
0.762	0.808867904706
0.763	0.749349685089
0.764	0.745852696981
0.765	0.752687934618
0.766	0.810976281567
0.767	0.728978051564
0.768	0.793556213738
0.769	0.766405135175
0.77	0.742713328876
0.771	0.784849303468
0.772	0.778444377116
0.773	0.820524517189
0.774	0.759279035055
0.775	0.824518890215
0.776	0.749616673039
0.777	0.763205575676
0.778	0.777341427111
0.779	0.754763094079
0.78	0.734489954246
0.781	0.814683608576
0.782	0.764356607987
0.783	0.80208694098
0.784	0.771583621544
0.785	0.787864091207
0.786	0.794107202863
0.787	0.790550077554
0.788	0.743654359744
0.789	0.819273119504
0.79	0.752592469486
0.791	0.793178179187
0.792	0.783739250835
0.793	0.823115473145
0.794	0.824744108797
0.795	0.814404339978
0.796	0.829692709014
0.797	0.815814420057
0.798	0.77762337251
0.799	0.834710848321
0.8	0.830554363286
0.801	0.822905282027
0.802	0.836240979326
0.803	0.8401468861
0.804	0.797796847708
0.805	0.83263151518
0.806	0.784118149379
0.807	0.79009251579
0.808	0.798295347615
0.809	0.80932185066
0.81	0.776820845187
0.811	0.850147471633
0.812	0.833501391806
0.813	0.808096858644
0.814	0.777041488559
0.815	0.807164664414
0.816	0.804851532152
0.817	0.803898100508
0.818	0.796430218135
0.819	0.848452061903
0.82	0.867584217982
0.821	0.804906235988
0.822	0.822287565301
0.823	0.807781554792
0.824	0.856089299301
0.825	0.821979047189
0.826	0.798625805947
0.827	0.81436423672
0.828	0.860102888121
0.829	0.847263222846
0.83	0.836814045416
0.831	0.880605264269
0.832	0.793153051882
0.833	0.861312828121
0.834	0.832026152512
0.835	0.865670673537
0.836	0.827911035981
0.837	0.832025472938
0.838	0.798707991504
0.839	0.825517583286
0.84	0.843877339747
0.841	0.828138631939
0.842	0.842544292771
0.843	0.848637992658
0.844	0.818261542948
0.845	0.829062519185
0.846	0.852688041592
0.847	0.879543491785
0.848	0.84127009914
0.849	0.862487922686
0.85	0.859008735537
0.851	0.844033219062
0.852	0.873056679644
0.853	0.852689927895
0.854	0.807153763461
0.855	0.865017419776
0.856	0.828290690345
0.857	0.887562127808
0.858	0.838208383329
0.859	0.883488194712
0.86	0.847815548655
0.861	0.897133969106
0.862	0.833498843489
0.863	0.897732925982
0.864	0.881894401927
0.865	0.864071589445
0.866	0.818150271752
0.867	0.861834025845
0.868	0.892942940294
0.869	0.890616462892
0.87	0.90948884658
0.871	0.915253345465
0.872	0.848345073612
0.873	0.881148705046
0.874	0.907887398104
0.875	0.914468985578
0.876	0.832132745236
0.877	0.916336541154
0.878	0.925855060165
0.879	0.917042526937
0.88	0.868958256588
0.881	0.90834222921
0.882	0.863604461902
0.883	0.894755867738
0.884	0.87320868733
0.885	0.860432877126
0.886	0.91691177826
0.887	0.933296703541
0.888	0.844400991775
0.889	0.896711325894
0.89	0.858992816991
0.891	0.865153349684
0.892	0.843234766793
0.893	0.876568696004
0.894	0.88906049403
0.895	0.890693633414
0.896	0.929077281205
0.897	0.855715033011
0.898	0.934585993764
0.899	0.908901113367
0.9	0.863708452824
0.901	0.872606933893
0.902	0.917208369541
0.903	0.861339476067
0.904	0.855096907154
0.905	0.918999899687
0.906	0.914845437701
0.907	0.85723925929
0.908	0.874170073375
0.909	0.925922065837
0.91	0.938355861953
0.911	0.889387879554
0.912	0.889937229829
0.913	0.899761995308
0.914	0.938757414063
0.915	0.925154857572
0.916	0.889646515913
0.917	0.926878969451
0.918	0.868325110634
0.919	0.948328855846
0.92	0.941473261697
0.921	0.958170331301
0.922	0.943776762703
0.923	0.966082790452
0.924	0.904440089339
0.925	0.937457263026
0.926	0.910726399554
0.927	0.92129043986
0.928	0.954299800704
0.929	0.963277948007
0.93	0.918067110705
0.931	0.965565042726
0.932	0.900812099273
0.933	0.890439493413
0.934	0.919165317772
0.935	0.918205499794
0.936	0.891359688327
0.937	0.969648429667
0.938	0.902127212168
0.939	0.928684142143
0.94	0.981985679526
0.941	0.895709557301
0.942	0.98204157909
0.943	0.972101630747
0.944	0.97050945009
0.945	0.990263353937
0.946	0.991001388596
0.947	0.96493032121
0.948	0.914038657313
0.949	0.974308421081
0.95	0.993336417588
0.951	0.973698428872
0.952	0.933742897715
0.953	0.952251694352
0.954	0.979810038177
0.955	1.00187862787
0.956	0.958575581586
0.957	0.968050973296
0.958	0.981517152407
0.959	0.97193746169
0.96	0.998853837521
0.961	0.912810250045
0.962	0.937421958371
0.963	0.931908306572
0.964	0.918055181858
0.965	1.00073685056
0.966	1.01517210037
0.967	0.999384347543
0.968	0.952428084184
0.969	0.95333257922
0.97	1.01610027325
0.971	0.926285741304
0.972	1.01375151868
0.973	0.938392669488
0.974	1.01165270897
0.975	1.01828160832
0.976	0.987035223858
0.977	0.941186709256
0.978	0.944857408629
0.979	0.990728512899
0.98	0.9856917396
0.981	0.937155345675
0.982	0.975331940679
0.983	0.989639079544
0.984	0.970841354133
0.985	0.978018839743
0.986	0.959699997361
0.987	0.947217740555
0.988	0.996572469557
0.989	1.02352375136
0.99	1.00906173733
0.991	0.970521715372
0.992	0.971746252886
0.993	0.998560943837
0.994	0.948583006521
0.995	1.00788738878
0.996	0.96940037891
0.997	1.00312295129
0.998	0.95454024412
0.999	0.98636772129
