0.113324857311	0.122656604196	0.19093410159
0.156987046358	0.142617816178	0.144398432315
0.160841292824	0.072496648644	0.0525164924771
0.157690730812	0.0643277093913	0.0640736794271
0.161122341703	0.0493728719498	0.133285337434
0.0711807185103	0.0318544057494	0.0727243255185
0.117338663064	0.161092815507	0.0928014098756
0.0450352424231	0.0624427150343	0.0494996295408
0.123546150491	0.122174510631	0.164846806708
0.129878197042	0.0431676049408	0.0749097833176
0.140965799535	0.10129408843	0.134802751136
0.185224391494	0.0579544957339	0.0953745743323
0.181050424006	0.134454349792	0.114221789983
0.0260667421101	0.089504701115	0.105216908977
0.164616910296	0.0795772768668	0.159563327947
0.0589456198325	0.168686896704	0.0512578485264
0.0226147355156	0.0996759827105	0.154299281526
0.0793344446775	0.128098471051	0.182985835015
0.103988299849	0.161585146386	0.147247309741
0.0532101561081	0.145581143624	0.0888610748903
0.0163668255275	0.107442127965	0.0896866945851
0.0752493884818	0.138239961193	0.147284933492
0.152473424089	0.105326795375	0.0462086097252
0.0590783353158	0.0850505963721	0.10698139739
0.0795985326224	0.0728164917534	0.181410066082
0.0806197773192	0.101600448487	0.0998159532618
0.146865460841	0.0513413792481	0.0348715557052
0.136906193153	0.0572334847881	0.143486140192
0.0889038809998	0.116849361546	0.0719942554389
0.181809179569	0.131011405683	0.0715240565296
0.182855938631	0.124520097462	0.109498516946
0.108091261117	0.0570032678811	0.135664177336
0.149181394579	0.0330699776909	0.0716132956708
0.1287890356	0.161390758438	0.115027857442
0.121688896687	0.0690830742945	0.160295641965
0.0939923607537	0.00484632558611	0.113053307831
0.126297733384	0.154576948407	0.0361998165858
0.0721454327145	0.118977949191	0.181497675396
0.120681441254	0.0257158130293	0.0748725132429
0.0605384070157	0.117648038325	0.165437739829
0.0404404659479	0.0905494758678	0.0362048949066
0.0482317118999	0.0814170105414	0.0759136669622
0.193081530748	0.112393867997	0.0818117166047
0.077956713452	0.100707530513	0.0927859301191
0.101337239203	0.0463260468397	0.0644603246181
0.134276100582	0.145249119664	0.132050361176
0.0361619766229	0.0264167643201	0.0988918646265
0.121924337524	0.0930924884173	0.0911158278863
0.0857926969534	0.162084003243	0.151786588493
0.115845183717	0.103303998839	0.0182452567701
0.132487873791	0.293874985331	0.20244402336
0.130698863745	0.242328604545	0.235145904622
0.117664671777	0.279920054356	0.207102563641
0.179190756205	0.329418218739	0.251628123277
0.227936167141	0.307521763892	0.110603390401
0.26849562153	0.278754180978	0.139204736047
0.164269221328	0.234380025967	0.193307501351
0.224904323117	0.356944722186	0.242224973203
0.141546509348	0.365947559936	0.157991141908
0.199287814041	0.225230983819	0.17566795503
0.284969613168	0.300977406855	0.165642521483
0.162475950765	0.259760072259	0.24488379147
0.158511596142	0.351810529846	0.202569117465
0.2581974417	0.327973746516	0.161906152471
0.176170939968	0.274244301837	0.291437866844
0.234387200114	0.355774254413	0.136065662808
0.23031786819	0.295976117232	0.182953238634
0.143487647303	0.292267091508	0.222383781277
0.181942738282	0.271777513066	0.284978960143
0.192920172977	0.29184892419	0.288607723058
0.166235569811	0.297662492217	0.184711921281
0.117409145331	0.334713548314	0.224919513986
0.17858571708	0.306935252593	0.15054005062
0.182246199668	0.272646746723	0.108209933026
0.154161747981	0.323739793785	0.229743054386
0.281302782004	0.305595367727	0.239890495833
0.183296818335	0.382604357958	0.249586376155
0.277970888965	0.296662337314	0.149164581998
0.142975578787	0.338290903747	0.140210019334
0.227204065869	0.218358221428	0.18750896707
0.175631824601	0.30143391364	0.152850648463
0.146297228896	0.318472097025	0.254192057116
0.265198112962	0.323910165267	0.160754589346
0.182744890287	0.302087851934	0.264396008664
0.200387434892	0.211613368273	0.239871388896
0.241117922965	0.216476415779	0.18532538659
0.166864563378	0.256560416632	0.139996095359
0.267380267483	0.289784874577	0.250921684566
0.13207682511	0.329094760248	0.198142629836
0.238632385917	0.307387755769	0.220802278933
0.169519446994	0.26477607907	0.202049291395
0.121219618217	0.295060471469	0.190789456072
0.137367988195	0.344463023552	0.244707625137
0.154423150717	0.336209229187	0.218739145984
0.189393879693	0.274925010039	0.14400044135
0.251827400647	0.340334595488	0.256521781717
0.261190146351	0.360002890817	0.245152485231
0.285358681619	0.281540170617	0.195393127065
0.132696639078	0.368753194164	0.182628748231
0.275935898544	0.291085213673	0.160077609094
0.387469642539	0.524758292416	0.480871786602
0.387133768403	0.554692333199	0.462483763495
0.366339534155	0.545244030914	0.462460490868
0.405974469506	0.551378372479	0.343308987332
0.39908278286	0.566771247168	0.356636806416
0.373661846384	0.543717380359	0.451472207307
0.348767908516	0.536760260084	0.431149492445
0.376159162307	0.526343661535	0.389025556072
0.405171875941	0.452962533519	0.481144809051
0.402889054946	0.551406196879	0.431085299686
0.479271036893	0.460378174242	0.393496946926
0.454067324455	0.556662647407	0.352473367002
0.363049962591	0.523531219373	0.425313021422
0.339267161647	0.54543186558	0.4367139642
0.352558033014	0.519357696281	0.431311669477
0.390205087689	0.430149519491	0.459919979826
0.463590060037	0.498293131807	0.380566262316
0.353010204782	0.438338596075	0.378811789393
0.336787159323	0.450739144605	0.363239391751
0.378411010226	0.475533351253	0.396651535946
0.405140582178	0.534050312686	0.446778665604
0.359766991203	0.467109423081	0.424924638432
0.416337176198	0.519085350805	0.429149343621
0.34281471261	0.492932569013	0.365786366039
0.419717314584	0.408093788889	0.415499187253
0.447086292406	0.543770422297	0.464527124767
0.474902244636	0.447596625039	0.396970807283
0.413836462478	0.55354466136	0.332054750655
0.434336421715	0.553544036135	0.389930142625
0.439517778304	0.539765170265	0.359865387867
0.415170860089	0.463600686455	0.320843484921
0.422397506584	0.546407588971	0.320962370195
0.453516946427	0.52441809022	0.393660370661
0.320804748349	0.47760226214	0.363703459511
0.33438956795	0.563154069712	0.430332024664
0.435031797181	0.480540544661	0.383424487196
0.419734727295	0.503878954675	0.409535169268
0.371659229095	0.444033874972	0.377098140694
0.42151054922	0.554803588611	0.386363240219
0.414607107534	0.506703046759	0.471465020197
0.307414409673	0.4808185079	0.404957219014
0.417749423907	0.571224967034	0.443759581184
0.400953636635	0.426624449996	0.397319048993
0.46978723595	0.509923675437	0.458494541954
0.440304967616	0.541494727909	0.470540592732
0.409350526958	0.559237203323	0.40688523839
0.366269391674	0.413278313663	0.396448922416
0.417437919965	0.482652551373	0.459730982565
0.431484794926	0.524903471518	0.411583814691
0.460531440822	0.445656375184	0.42159080775
0.65621880538	0.805561240597	0.627980330058
0.659706622946	0.754836475572	0.633657333009
0.744018684578	0.760445527081	0.673371876822
0.716805171829	0.856332448213	0.684985057752
0.738151202779	0.722860379412	0.698266923507
0.790615628106	0.77637879831	0.695354401424
0.693030105512	0.710467205356	0.726091240185
0.649245361682	0.86126087843	0.663580540072
0.763765406942	0.835220841436	0.689707518026
0.792815378116	0.77913117103	0.698520849232
0.734614732778	0.735069751241	0.718328118169
0.676261263148	0.723983963277	0.665629699306
0.750806178522	0.737160732666	0.706830343294
0.752604686213	0.758298226301	0.739756595348
0.63961719713	0.817918383663	0.72286272569
0.678110738555	0.800145338834	0.647718834456
0.639405657841	0.779391522468	0.639153493897
0.726347782652	0.788726967775	0.793531731475
0.685467581497	0.817833683536	0.732943219177
0.667517312245	0.849183834303	0.637930419313
0.768737414773	0.780179260414	0.762450448339
0.705338545034	0.841325185068	0.779179007071
0.701408631022	0.763465747835	0.678735350126
0.746645783506	0.723107081904	0.688048548366
0.687504893567	0.756231596562	0.776885048688
0.685564205158	0.854208729418	0.739666146322
0.719626829817	0.722963227162	0.665689848963
0.618267074894	0.780392674399	0.708612556297
0.780750568062	0.794721122224	0.645960738204
0.67311351735	0.826795259707	0.728423589246
0.755027263072	0.73263815758	0.717207725777
0.733744073476	0.823925525134	0.768072066011
0.669609401502	0.821360449383	0.619764982154
0.774867745401	0.779009154198	0.640435859702
0.687273058696	0.797168415764	0.635946397855
0.68527861894	0.739780488789	0.662005566004
0.748431388144	0.807892110179	0.736427399594
0.648278251816	0.864344948708	0.698013381687
0.738691743241	0.821933740002	0.721134160798
0.677499511785	0.882624229871	0.730032313274
0.683305166011	0.823573522834	0.644946712845
0.713476341908	0.761606902539	0.757954178161
0.691430380225	0.818589359641	0.636781563594
0.741307835049	0.730441731117	0.646416100897
0.620560553834	0.827976109622	0.685320145481
0.628763883572	0.74466436211	0.715640365941
0.704098265228	0.876475875371	0.715959843615
0.671097673879	0.841954908503	0.697566310496
0.664955104735	0.739279123867	0.745525454313
0.642212665412	0.794036977556	0.729952384906
