0.0194969025514	0.0668871516577	0.13775412015
0.0997557748752	0.0559925729347	0.164991420892
0.0725107129173	0.114127676396	0.130023800418
0.105984536006	0.0631829652899	0.00049384886264
0.0439825196237	0.0610670082017	0.165918667086
0.0608810738609	0.14262296706	0.103072980014
0.111698543309	0.116206481963	0.134206552671
0.137549117597	0.11012520928	0.156139838463
0.150939347898	0.125964421816	0.0011095594852
0.0793257008216	0.16718480546	0.142703265657
0.0914737233294	0.107124470047	0.0786414223954
0.126458212844	0.134254045792	0.0492098959115
0.188194613073	0.0848611923678	0.104483683378
0.0830627676128	0.0436203544383	0.0499040044712
0.0641446031558	0.0812932566382	0.00540548192939
0.182192455556	0.0594811005697	0.0729024793386
0.0837152229459	0.0106299272748	0.145043382276
0.0400933786496	0.0504664712443	0.0524148128659
0.0374684297819	0.129225852619	0.0800618900179
0.154564873068	0.0627879916098	0.161503717179
0.0603218474418	0.109159936285	0.1174679842
0.187053909036	0.0656048725323	0.0883280849049
0.0323733524102	0.128579103304	0.0359428919223
0.0549441509787	0.0769017841198	0.0629332243716
0.0550756837587	0.0188094722005	0.117970340637
0.113990954943	0.149391985667	0.105715239731
0.174768844855	0.146224282536	0.103228538237
0.00416332543763	0.0951812010125	0.0931837231162
0.10986713239	0.115478414481	0.0945345413964
0.0605785922208	0.0144222985984	0.149749551858
0.121898754511	0.0637747027913	0.0867308968521
0.0863008969863	0.0724709572924	0.178753744803
0.171707363073	0.0181357153761	0.113660021371
0.0367254305558	0.088808668406	0.0343063105668
0.0617980986891	0.130823718266	0.00018608270338
0.0156439399862	0.102925068631	0.175333451034
0.0656985934893	0.0139291225708	0.0872957229182
0.120087957791	0.134730385694	0.160066060378
0.0521098896645	0.044693096668	0.144480351549
0.153434597541	0.11745038165	0.111759823608
0.116891782787	0.0567852297798	0.143635104074
0.0915587589544	0.178255057962	0.045663900348
0.132356844956	0.128760398936	0.0211476860946
0.08897233182	0.147693046693	0.10110168467
-0.00617679747816	0.115736166888	0.0627652157431
0.118525405502	-0.00463468654044	0.142257653228
0.13277039418	0.112108253568	0.0517359825611
0.0436091473842	0.0332059882698	0.083824057869
0.181611286779	0.176167750494	0.0809696272328
0.170432065487	0.0570672607099	0.165190540802
0.0747824848402	0.19551315134	0.0742388136534
0.159251481157	0.149520926188	0.177774982386
0.102622999646	0.0485727972196	0.170366636046
0.127633224613	0.00110317277609	0.0549572355519
0.047012381753	0.13513965065	0.0810838833075
0.0831008866718	0.113037709378	0.179129299581
0.102793674917	0.182587004199	0.0404783184389
0.181422521138	0.0652743687766	0.0921782286453
0.0330536399183	0.165480609665	0.147625584401
0.00265092868548	0.0861943839442	0.100505955005
0.0560919284064	0.181169941282	0.04385883375
0.102786359581	0.0203943793352	0.133247406505
0.133005608265	0.165006448134	0.184347396011
0.164488136105	0.157098975391	0.102941579437
0.0983293913043	0.125439738239	0.053858496261
0.0950901234717	0.197571105813	0.0548755617559
0.142060006375	0.095555094502	0.0797495642579
0.0945626919925	0.0547288925011	0.0479449651663
0.110010516027	-0.00327230079519	0.106450219153
0.130245667545	0.0252629683734	0.112506999377
0.0937256318797	0.173895565198	0.138897003838
0.176069030434	0.0720605336127	0.0876398580585
0.0716375441867	0.0632771549555	0.0636331033367
0.0505755300607	0.181249031568	0.125809434481
0.0689921400344	0.122156286434	0.0135457058981
0.14182978387	0.0702285834504	0.125533641161
0.106258356297	0.0278460355303	0.176848074249
0.0197495533198	0.146613947564	0.0971433358232
0.128908729119	0.133389886302	0.0232820813997
0.0869005536385	0.0892031307349	0.213764565921
0.129694631984	0.176584619745	0.142520396778
0.0791549397912	0.0654347326968	0.110284478881
0.0281048909132	0.0539121806464	0.128739856987
-0.0103439192665	0.132292534609	0.113783216729
0.0351563057181	0.156486009502	0.0853040077602
0.117653702624	0.0562876983609	0.187058780511
0.128248892304	0.098071074127	0.105335425918
0.161327628741	0.0117679340324	0.0610232084408
0.09224530494	0.0743336416648	0.044696061512
0.0918071218792	0.0973280689143	0.0937310056287
0.175495253508	0.106298805339	0.0755150854645
0.0734546588318	0.122108380295	0.0563592331594
0.105147164141	0.0921594219305	0.15558599041
0.12529561232	0.0376444048366	0.110925491985
0.121625811617	0.174159742428	0.0314743336351
0.0679110484297	0.135784679154	0.0973844930644
0.121170846841	0.121970203509	0.0288341870967
0.0380420099225	0.11150860194	0.033738386545
0.0034516408108	0.0977573854857	0.124097617088
0.113798524444	0.149104945469	0.0643606676523
0.185675185809	0.0635009389732	0.0485366060671
0.142271630583	0.0525691415023	0.116621265172
0.0252900799528	0.126150316759	0.17411497745
0.115393134106	0.0583795071429	0.0567904453952
0.113849740735	0.20324026145	0.0905272357641
0.0605507902994	0.0723541220909	0.1292796007
0.0607074086441	0.0645717917484	0.149696404055
0.181057846147	0.136081090126	0.126818620898
0.0750438584327	0.0617941367036	0.0545060559951
0.0950687063877	0.0381700816089	0.0506202954035
0.130598624319	0.0478500526783	0.0989073772473
0.147969836793	0.0923724603022	0.16319137862
0.152781207	0.0811288606751	0.0942087821986
0.111551433593	0.057713130237	-0.000358693053982
0.0908569445609	0.0775282503481	0.041304271672
0.0603793651559	0.0163998434389	0.125935615712
0.13889818075	0.172986284687	0.172884353076
0.153338737083	0.172477798132	0.110264065819
0.204639031172	0.0838041356364	0.0874787055347
0.0786600104165	0.0311618802074	0.0210397610469
0.0835743416133	0.0723795407807	0.144716343209
0.0731923753959	0.0985536543439	0.197735341213
0.212127185293	0.124502330112	0.0949349306598
0.122487135887	0.17163526142	0.0500902429013
0.184830089143	0.114078715893	0.0247989226305
0.0150170366432	0.115281958765	0.145584039207
0.109151872056	0.100938712057	0.147968227125
0.0574340131357	0.122009392848	0.00256212939815
0.123552823545	0.195124976193	0.0612577130924
0.103304780703	-0.0132408498131	0.0735640285593
0.0996176004504	0.164648648383	0.181257892785
0.147871534121	0.0641190053403	0.154914648071
0.0631380800106	0.166750871322	0.182314506414
0.077535061059	0.167999523072	0.157150709633
0.118545488247	0.116109959371	0.0727282785541
0.144412945327	0.189128895877	0.148179841204
0.124631949818	0.125925336495	0.011879998024
0.0994389089594	0.188990666218	0.106188353337
0.000263200416963	0.0790949534218	0.118352003004
0.0673936374305	0.0161717725137	0.15721609214
0.119930380929	0.171345231771	0.119993361101
0.126302652628	0.163592546995	0.116236209367
0.0086088170476	0.139775042385	0.105924967188
0.0296667675511	0.0686768439538	0.17883020868
0.127189539581	0.0904179304449	0.054287252708
0.0779745717669	0.170885454367	0.162509675178
0.191507591534	0.0916300225167	0.091108983783
0.0944917653996	0.0902917122213	0.0946217553042
0.0994530075919	0.12887275396	0.125917969438
0.000638637835661	0.132536727226	0.0720112258502
0.0748527687904	0.0638067115692	0.182955776424
0.0663083816831	0.167738102253	0.123388627794
0.0772422203936	-0.00628288453258	0.0966873840377
0.0457156535985	0.0714996351477	0.0711831971948
0.172382536183	0.143349362484	0.119913970605
0.0883680305555	0.161484738497	0.104406578992
0.150562975897	0.124232844215	0.0739211729592
0.0560147091877	0.147661032468	0.1569933882
0.131778223896	0.0566660087941	0.0991142519886
0.0347008724713	0.0170244876659	0.119219538112
0.104289399461	-0.0125779501221	0.109696707668
0.0586628509504	0.0340725452785	0.0560503775039
0.0854770364724	0.0156599067022	0.0212734434827
0.0649481498093	0.0847391341731	0.192608741761
0.0521119618687	0.0524761696933	0.162477623675
0.0680206239282	0.00881114879197	0.0989067292382
0.144797046666	0.117075354697	0.0373328691355
0.143473515652	0.165134436236	0.107243419092
0.189996577186	0.149546187943	0.121809184754
0.114159172769	0.109153187315	0.0252003801297
0.0437698988302	0.19383315688	0.0717232140067
0.0774809904989	0.0763650426696	-0.00290017582746
0.102742265979	0.124527807459	0.147665726858
0.0909604608809	0.0617831674739	0.00930143906269
0.0993779464383	0.122274340811	0.179910260482
0.195889415361	0.0710482330584	0.148412594495
0.159663962621	0.109814110844	0.0414277012783
0.135288396354	0.00204437890076	0.107284001919
0.0697798224976	0.0387814568681	0.111834000001
0.156528052592	0.102374961196	0.0643830159086
0.195871685222	0.109784852189	0.0679487444956
0.100500457182	0.133492851897	0.0917242593418
0.0659101534677	0.1171373656	-0.00677925334924
0.144416841708	0.0440130983294	0.184555494881
0.00483811245345	0.0923450103333	0.0892806617479
0.0570777003918	0.0271813167982	0.126260733366
0.0346552220077	0.0325575216869	0.0743357695913
0.196130699933	0.0881013424681	0.142688978349
0.147840948593	0.142922443474	0.163619054409
0.15348841176	0.137421567412	0.188581833645
0.123891947294	0.130515101451	0.185471560947
0.193486270959	0.15644287904	0.0642387972152
0.185595055424	0.107061585696	0.0945787884418
0.143922938991	0.0581580339316	0.00363555372138
0.0628546933694	0.0880289048639	0.110351409288
0.0344552768538	0.0690815568211	0.14551685938
0.0288147790993	0.0361235408905	0.141040218924
0.0638097575498	0.0923519508283	0.100378587549
0.0990144709556	0.127303707371	0.0479291775453
0.081687685274	0.0973390333666	0.0944347758173
0.156581351519	0.252862935615	0.203299600367
0.213261198901	0.32207260123	0.233508089373
0.245251754541	0.370170513595	0.134816077564
0.147550906813	0.220962757871	0.17341235764
0.297253621087	0.348042497125	0.226299923116
0.253074353029	0.217991084378	0.213084083187
0.280879056367	0.310466786507	0.174104826417
0.177416024265	0.299188480652	0.219317340094
0.296013228143	0.273359391244	0.2531957202
0.278862623497	0.351039458315	0.247843601698
0.138904797766	0.392569576002	0.196681589001
0.208911843729	0.28762663301	0.26112788391
0.107396559914	0.299876626294	0.268099867352
0.257465212228	0.302365392131	0.186512735137
0.206852191834	0.251873071447	0.292407110877
0.250395193335	0.292531315847	0.288655773971
0.280386559644	0.296827151775	0.189018712389
0.137569328144	0.215619322952	0.16242578406
0.221749431831	0.327666965148	0.10010494274
0.156842723028	0.276128144639	0.173973832589
0.172161947252	0.365313254552	0.223449184989
0.101469808365	0.310483224768	0.153028448697
0.250402637782	0.21312431229	0.152041399582
0.182507129109	0.345221444008	0.279429525205
0.292059652153	0.285287979718	0.166890375484
0.292393927383	0.303881860033	0.158440786967
0.276068622705	0.223873608864	0.195908883904
0.2643839397	0.366101405063	0.183819098997
0.275786742458	0.360126541541	0.136573661785
0.112658051921	0.268235290485	0.229717624062
0.224146854721	0.268705593152	0.14601540182
0.209738305892	0.386735513462	0.204757662837
0.305367285115	0.265142267803	0.199452971062
0.113324284347	0.23862986927	0.164111368775
0.260170187257	0.2849906042	0.28502925593
0.246940328023	0.313992578118	0.272058587769
0.248107859133	0.268766841104	0.257944761398
0.193842152203	0.384193973562	0.22845891756
0.213038220478	0.396262908401	0.171384003822
0.147735731112	0.282213926852	0.197595630747
0.266074994993	0.322559900933	0.182757535127
0.207840774809	0.289478756505	0.302312573929
0.192036973451	0.31464812998	0.299009517514
0.176693952781	0.210322190538	0.160359258889
0.220935294831	0.234278078058	0.254708244767
0.166638722509	0.335005662243	0.175896147263
0.20675419883	0.236594178043	0.214452893811
0.200989170658	0.259518145161	0.120151977826
0.218732897839	0.322715193955	0.220880944474
0.266574685015	0.35280360739	0.12831387893
0.13449844833	0.307893210996	0.18655160531
0.121957459396	0.318084066766	0.135583056354
0.212587200561	0.359899090503	0.133910020144
0.24357017303	0.21630051347	0.172005495882
0.22542297322	0.36869625582	0.221922096809
0.292872835327	0.297349882695	0.260073356149
0.167196901632	0.340126887675	0.263881173597
0.201096931186	0.320985485388	0.222775307285
0.107830098463	0.322174529619	0.261084038769
0.192894840726	0.386924733681	0.148770327734
0.134561825487	0.321558246923	0.117831209378
0.132901107105	0.240135964556	0.272129749721
0.224672952188	0.386110645204	0.177285384611
0.179113311368	0.255957884488	0.236864238262
0.113707070391	0.310240596991	0.217340583623
0.25442014015	0.354280808738	0.214433763117
0.240750051872	0.302875918452	0.249894188148
0.259077936133	0.279816038666	0.176403401343
0.219323238699	0.200099317554	0.18922993864
0.187205965961	0.396430735029	0.178478930038
0.224225269983	0.319992446981	0.117110824231
0.219665068863	0.335643373601	0.217588467568
0.207805957608	0.291378906432	0.245526843951
0.120727842048	0.32113984254	0.195021783809
0.261422760419	0.305694634094	0.253695803245
0.230974881772	0.318744965235	0.305169324154
0.219786993837	0.358142819534	0.228944051435
0.128684927667	0.30286550776	0.156009908544
0.10582306026	0.29783092991	0.210514852025
0.165161277082	0.245473156598	0.130201258885
0.30364641794	0.277368275985	0.165989663999
0.188986675985	0.361918587926	0.252736367003
0.265341092018	0.347912642831	0.178982328903
0.21655581151	0.265782700269	0.224175555179
0.223037168825	0.260583153649	0.230098467205
0.188791582018	0.214848562068	0.133089644222
0.16296150014	0.243391977212	0.238457120356
0.20384446005	0.279042739667	0.202404010213
0.123389202358	0.284423894464	0.196401104493
0.274858108823	0.293560781426	0.116351330722
0.171892723028	0.274674475092	0.108703845635
0.160279653981	0.332113389269	0.118017008264
0.248484584342	0.244586373118	0.152242077744
0.281491834814	0.350108324452	0.22130588444
0.23199930544	0.386080948009	0.130422737517
0.288537343053	0.312350771496	0.137365328074
0.154941480116	0.327117226309	0.127623481018
0.207109006206	0.260863937673	0.295983183531
0.250295177293	0.314464109581	0.132197614056
0.165214099676	0.300792553632	0.206661859532
0.153875764093	0.327592293991	0.213149430374
0.166081781503	0.303387542636	0.219810791606
0.255344153748	0.245662385737	0.173020753589
0.155600954752	0.322750537675	0.186785851245
0.297492669264	0.256973928786	0.159433565742
0.172544494063	0.383460361423	0.139469579878
0.16937512184	0.301882443421	0.21981991429
0.190840913778	0.218248422769	0.271459270556
0.215247712571	0.290845732556	0.313418720296
0.256560555923	0.264119396972	0.287160306556
0.164262510508	0.395791758362	0.207985316993
0.230361805121	0.312853045974	0.178283213749
0.194037867477	0.308801618722	0.0963652521083
0.203793439799	0.356058934888	0.30075768537
0.237027939401	0.269512433726	0.259015270697
0.186873993664	0.301751295583	0.187358907479
0.215981156417	0.368824096778	0.232849536787
0.206754623136	0.345021195225	0.183514400022
0.248135764252	0.229225082801	0.140292550131
0.174501094671	0.365579126118	0.119335730894
0.216946397194	0.35347579699	0.126229492999
0.177210576073	0.260594041625	0.153381868548
0.220822153776	0.303279839268	0.313357115097
0.268918290889	0.258450238677	0.189331864575
0.153626252202	0.247084774477	0.222425876513
0.282499428439	0.265273157859	0.236965546844
0.208913448054	0.266494984367	0.226550019485
0.248298315244	0.319712757338	0.25513307696
0.159200128696	0.353183126425	0.206332600267
0.160713687619	0.346794495721	0.214896025263
0.202862187949	0.3608409514	0.229795120297
0.240906613405	0.205986863742	0.147311604246
0.0946146866082	0.270797934123	0.225600546125
0.207941334703	0.352227974323	0.165070390468
0.161751419458	0.201795746318	0.243388690644
0.23840696992	0.326200411186	0.268965968736
0.272075057631	0.300378650437	0.190279443828
0.262230159283	0.260852393433	0.148552944836
0.182831740065	0.24430249997	0.268633679545
0.162346994623	0.235826303734	0.231381821801
0.172648253805	0.315206248707	0.108727877511
0.192396876602	0.323187038671	0.237821607087
0.15442164434	0.334590339753	0.0989896320607
0.1375236815	0.207206133428	0.230090605601
0.209752767683	0.253350820547	0.190394308861
0.220444099326	0.337239507669	0.253872913242
0.256166166967	0.339718749673	0.217819024933
0.162628774477	0.402679601628	0.22310063708
0.29521351983	0.263379675924	0.167194382653
0.129167759214	0.236920613605	0.189848382235
0.298727459973	0.294808365478	0.183031842782
0.171189222615	0.394623633948	0.180931585453
0.240167628245	0.218091033164	0.138259907804
0.23589375392	0.217234591449	0.138749638556
0.245130546578	0.376603991877	0.236376327157
0.163840913104	0.220315778653	0.246721062523
0.297348908472	0.263799237743	0.191335393076
0.108029418549	0.26567606999	0.208037557507
0.224582217564	0.207224905204	0.209191610037
0.196883665787	0.370170263564	0.207559476734
0.260004277037	0.241185570074	0.276443638432
0.131828492825	0.28146967957	0.158636430566
0.140193829642	0.311228181947	0.263533522963
0.215667517382	0.323413608259	0.132913835585
0.170233731456	0.296045676375	0.17176503228
0.257763363459	0.3350568504	0.262137922662
0.219342064297	0.261169136911	0.202108847923
0.214486218801	0.206874624341	0.206272828111
0.204984370597	0.264238409647	0.148560246246
0.201857483297	0.336439445812	0.104159265248
0.253543688149	0.253669333935	0.166924648907
0.169430702069	0.368790641757	0.221188634166
0.251169217317	0.327926752605	0.26589523437
0.160132903674	0.270444079489	0.208623135775
0.261681847947	0.316942552986	0.163855076033
0.267321890003	0.36649476239	0.242245518007
0.221760368666	0.300356184726	0.217868524436
0.247987067855	0.239835862329	0.190355276475
0.300837912004	0.251418029797	0.210279685061
0.171632831014	0.285424980385	0.207438240781
0.137437630981	0.304955414767	0.103450464098
0.20489250278	0.270159659195	0.119919906907
0.0923051034045	0.288545008922	0.192524329886
0.244416266533	0.331382107477	0.177322202173
0.231153782927	0.304341884931	0.219312445956
0.208774736787	0.373238982935	0.194858497541
0.255323651415	0.209501873853	0.170439897896
0.222177554667	0.352503412926	0.252063484418
0.288263400841	0.257530658053	0.172973490754
0.220213018947	0.25186459663	0.296217735539
0.210452421731	0.235733154035	0.176059646828
0.161098164212	0.298094937907	0.172834225164
0.212824510302	0.401536862857	0.16652982342
0.155595571853	0.281374115712	0.148435645487
0.14228440207	0.338746653555	0.287792299582
0.143534198028	0.346470945681	0.123437502592
0.135485470993	0.307949622656	0.120181498302
0.249847715785	0.313791110372	0.196096064312
0.266038360142	0.346220614155	0.18737150202
0.273562525437	0.321131637566	0.205607893068
0.399123584318	0.414340091648	0.379914182953
0.43017316627	0.559122784201	0.476661418551
0.474411083289	0.411238209959	0.485626268621
0.396656099764	0.521685157882	0.509265012028
0.279891677299	0.418066656478	0.368267927829
0.433801209651	0.371873652454	0.318606199901
0.462022723097	0.463455827573	0.465270620579
0.451170846768	0.54725127135	0.280846300525
0.259068750633	0.476136065117	0.431145142582
0.416361492989	0.361021352454	0.479533295712
0.442329035155	0.544215343698	0.323901021545
0.405368148268	0.385150797923	0.437897658352
0.358424771828	0.500573689295	0.523438285286
0.258618329656	0.503345323976	0.471919776274
0.555769489421	0.455395095133	0.393674906442
0.4274034352	0.553273151686	0.487238546381
0.51368862124	0.485589176261	0.334149010381
0.413056214589	0.651071258536	0.415525844921
0.50863511289	0.47249463196	0.327256486011
0.286340088335	0.388781792249	0.367022886234
0.27658809054	0.462759651735	0.310458122068
0.296732500704	0.448683403676	0.303989927168
0.511760440307	0.585151627691	0.363171804408
0.454110990919	0.470857573622	0.533508026068
0.377847929773	0.491165722304	0.345280690872
0.454923823427	0.471819881818	0.369072018463
0.483695471153	0.40973108466	0.348794020981
0.548554770444	0.541207008241	0.373695934132
0.425156971669	0.623645964148	0.496819983518
0.354386475328	0.458827615918	0.34440700364
0.445345369781	0.607515237435	0.474812311705
0.352842320527	0.53482693569	0.480981583721
0.266052808816	0.529538500126	0.372612827243
0.465490795629	0.497172448422	0.268643151622
0.37752214492	0.557032149098	0.407674800064
0.464068741153	0.568436814471	0.47374440113
0.27358882224	0.543516964286	0.314398433104
0.257002637617	0.460716068499	0.354784004923
0.412328675166	0.386628752905	0.416137207963
0.466333349673	0.441553520201	0.334466425533
0.512744523579	0.507932807831	0.327010481989
0.522030965749	0.516583887969	0.347310839208
0.343320791072	0.492014124536	0.472269427285
0.42606155575	0.552147662061	0.262714725931
0.450029890812	0.35647607322	0.453806006047
0.410087492815	0.409464955009	0.384768956096
0.393678038509	0.569125051575	0.387350676136
0.377800822022	0.502909816032	0.352503705999
0.456140072445	0.605191980067	0.295115191402
0.368313847061	0.418116093294	0.452563106737
0.385675242005	0.346014473973	0.443428148014
0.531780870124	0.544042243195	0.331777845504
0.538328761362	0.582557995248	0.395659002126
0.534691827186	0.570159982416	0.359810065147
0.513765598429	0.557011214826	0.481041618667
0.516460459827	0.449975429228	0.461975602479
0.345013507193	0.373796655559	0.349132903224
0.465283305722	0.382789892238	0.363960122499
0.371360060278	0.526901762684	0.416373451729
0.364882471985	0.56156836754	0.279090371528
0.415270098234	0.406777318435	0.37324796468
0.373200610065	0.359284827782	0.422435612189
0.382945031841	0.525310677172	0.388296677058
0.421096836292	0.426326464132	0.451518347211
0.440175725031	0.612720412646	0.42559888142
0.333985994478	0.629152774443	0.459309891495
0.369286707087	0.463206953051	0.245847172954
0.309313296206	0.550176397415	0.469594919874
0.348170106122	0.613491683674	0.304007267656
0.397046654901	0.440688164561	0.258982507537
0.47975474971	0.52901631243	0.304574616487
0.429877265567	0.474112958301	0.512439483324
0.467116998379	0.464399800232	0.496738514878
0.510526634552	0.566593570995	0.379727655131
0.336660518606	0.610054290376	0.401509319973
0.303201415149	0.514760932777	0.307562199166
0.439741479879	0.564088561358	0.483875925748
0.411729710579	0.344686743846	0.405883272268
0.467957201984	0.477424177075	0.346519300533
0.391683473427	0.368296962074	0.44039667845
0.3864144961	0.447593023273	0.520907461547
0.484607741582	0.536438930967	0.383391132689
0.40230481204	0.446215122835	0.545944928263
0.359139826129	0.406379345675	0.320552650675
0.536626412435	0.542260099618	0.471716866124
0.394761945899	0.492011629145	0.363072720742
0.284277228562	0.501643042312	0.31126879889
0.346809045531	0.539431782922	0.340765500442
0.329605565466	0.560510790742	0.523134858716
0.504053754343	0.394195438611	0.355249567297
0.352986418029	0.624090620604	0.352777951191
0.262049335267	0.488485472138	0.322224055825
0.447627743957	0.621852031338	0.43968198042
0.424046026099	0.487511518452	0.331955479548
0.417196086791	0.502233816711	0.403754435345
0.317631387975	0.571981100021	0.509423930562
0.373233176402	0.487962187399	0.324612798482
0.320181407602	0.507172755765	0.257789693182
0.335227531197	0.438006251188	0.427925338043
0.395808394464	0.558453842128	0.385280656147
0.319236698985	0.583792583645	0.337607128602
0.453640743338	0.543469298264	0.263154711883
0.479902977966	0.566284002214	0.326065885163
0.349208542926	0.454466279387	0.28425433949
0.31036138316	0.537697458344	0.445424628748
0.438081541278	0.481627011807	0.437995889142
0.294344556769	0.500388469441	0.386905738338
0.544287659985	0.497119574546	0.341245751932
0.304741705213	0.447590928855	0.458728010667
0.341240876607	0.579606687537	0.514595375373
0.401254574572	0.542917965344	0.407042300463
0.376913496832	0.577248446128	0.414877405618
0.49628648428	0.511144334577	0.450939823251
0.316817045685	0.638829977188	0.379946809237
0.370950933063	0.535974758664	0.446819809492
0.443735311123	0.525875083717	0.258207324534
0.524670516107	0.504963027718	0.353446497625
0.331436914935	0.579365035504	0.410491440333
0.398888694692	0.469805375487	0.287898182436
0.272485705277	0.564913310107	0.367297271902
0.490772788584	0.46054048942	0.297296086774
0.466722451867	0.575220562205	0.387676803737
0.312297732103	0.536241085548	0.425020780401
0.265636100786	0.537989328996	0.484657848228
0.37308202731	0.576691669082	0.497911743406
0.445975692947	0.480130813915	0.384393159506
0.435264721352	0.388438521802	0.443907616767
0.326652796617	0.463372278532	0.338407957166
0.45344642988	0.480655116784	0.422118344103
0.38393688051	0.553301918769	0.379643353609
0.426740032069	0.518755914736	0.512555708745
0.542449552887	0.450166893731	0.435967895564
0.378244120399	0.456986799321	0.466046056861
0.526517564296	0.540777386072	0.352859471956
0.41037890486	0.454324786156	0.445633076993
0.330270520759	0.526274249223	0.413480464239
0.396530035118	0.456154213433	0.557702286875
0.294581779087	0.465581655825	0.288508768863
0.442417347828	0.572708157383	0.262238050644
0.523994802251	0.564621988626	0.447788309581
0.373323752849	0.46871795853	0.336758380688
0.378703026427	0.462257586617	0.546278452971
0.292327161056	0.588247068402	0.316458921085
0.530005713571	0.574079616234	0.335762257683
0.419446853412	0.464966982971	0.408284467265
0.296231003579	0.486559617329	0.443309151419
0.338880465305	0.442341412202	0.287126425642
0.514118059972	0.463253619178	0.413060431916
0.32837052746	0.486437766874	0.519387655857
0.459260726647	0.424984155572	0.484825860514
0.321720222092	0.487522818905	0.418098024032
0.519471580868	0.528064873518	0.447188932614
0.517984348993	0.569779184585	0.457561644319
0.36556794152	0.474338787233	0.431632883476
0.489860976697	0.507049407226	0.435654456764
0.440156329624	0.481452154994	0.556832238165
0.372690186501	0.581940957679	0.282020712784
0.525290301156	0.459195718869	0.362594629268
0.358016866831	0.503378237411	0.268385910679
0.433456517783	0.479946043978	0.416230790372
0.29959246864	0.550137631197	0.314933748793
0.517653633723	0.481813513167	0.454163954447
0.307575577796	0.473196156999	0.428037917601
0.314036968746	0.588203010326	0.35473749167
0.430378967569	0.431550918923	0.407464857409
0.552100755588	0.523019058267	0.407953034345
0.396847986583	0.409506671498	0.29049353852
0.331109418348	0.522276913052	0.439537888736
0.371449144105	0.479380820844	0.25841015989
0.51288355871	0.404287813823	0.349518792545
0.340813856024	0.371421276915	0.362866127522
0.466913587516	0.639989739778	0.360418102761
0.288198354321	0.389922607535	0.370148094679
0.44309702354	0.574586881675	0.282344660911
0.445706039514	0.576750924917	0.426525290562
0.527668807155	0.487562808977	0.379245812221
0.465322470821	0.507162513393	0.500596920302
0.467568924565	0.356676005725	0.38032669136
0.39835797456	0.561090607165	0.540390459318
0.461629872022	0.595175365662	0.477211973731
0.302181048829	0.505435928188	0.319904883993
0.476306005475	0.520848924029	0.28080050672
0.492296161776	0.449179357602	0.4974412113
0.474575137357	0.464383230985	0.408897879569
0.423023251902	0.556462358867	0.515154159467
0.298189106584	0.484550896821	0.353780756258
0.496485467381	0.441887352211	0.366268398863
0.414872432876	0.527091336541	0.292566141844
0.401241756891	0.558990965674	0.299051826894
0.482258486466	0.396162299323	0.38680319736
0.368623714602	0.411895545459	0.46661247967
0.49014239762	0.50979581944	0.317874073871
0.484057343897	0.408928645828	0.432761985331
0.499119921098	0.424585800737	0.334257205182
0.450871047953	0.445056599151	0.51776580879
0.251548222358	0.543243531139	0.381462539633
0.39772024948	0.547095286428	0.255220386495
0.31998676576	0.405231305231	0.339008127503
0.328783058288	0.471215373131	0.427782450835
0.325720651354	0.578224917384	0.302536731997
0.857776241571	0.909912309644	0.724557916402
0.677692463513	0.979860379749	0.622931167487
0.515047347772	0.797774857261	0.84594347328
0.869155397656	0.71384671566	0.646091707013
0.569285952345	0.71775822935	0.670439239218
0.662888896091	0.566737056096	0.710524221822
0.910610654175	0.787634081884	0.586927298746
0.671360874309	0.896326624704	0.843600608199
0.652040210167	0.830304074889	0.6523200456
0.707267485718	0.601717489182	0.754648610242
0.611719294312	0.610405866648	0.615387652863
0.632162786761	0.665357977565	0.505364934544
0.717278815127	0.846587503832	0.619768403605
0.578060100021	0.859334705816	0.741616097984
0.831923594686	0.947843579786	0.709591754599
0.697790205714	0.744657947258	0.469108702466
0.544993990206	0.819224745305	0.708412417501
0.580255386619	0.975358815437	0.58682263027
0.650553941581	0.860322056109	0.668260231719
0.884167223019	0.87350932735	0.794282593284
0.755498059255	0.860470860287	0.682762999053
0.56499677842	0.850418842572	0.5964731981
0.553512622882	0.657443405403	0.727310103176
0.624379565255	0.634375906602	0.650921444674
0.621927971349	0.725114059505	0.732801028929
0.591693601968	0.715552901029	0.852541999728
0.889444963977	0.723179037375	0.572831960557
0.695031464143	0.816549772745	0.864506590921
0.674372997327	0.920386085504	0.845173090502
0.702209828876	0.613543763037	0.626777444892
0.742516112842	0.742557419215	0.72824242693
0.820541403556	0.724595400689	0.726487454712
0.659007352936	0.625833832498	0.563055139492
0.534265833106	0.654744141074	0.718356696148
0.587641288775	0.699492841411	0.823268590963
0.788789087955	0.645895077317	0.655192639266
0.634726553803	0.869802020636	0.562728528296
0.744609739509	0.642317164954	0.861818076718
0.569345365458	0.686849283915	0.815101796005
0.593037797454	0.803971328575	0.640695466257
0.677857759261	0.978319630869	0.548440656146
0.557038573641	0.775659106569	0.704860795088
0.647689972887	0.586797289774	0.754908545484
0.626304038692	0.974304949973	0.766799537558
0.77488933986	0.964745844213	0.582701526373
0.694769464767	0.606344967118	0.561811388887
0.586559546958	0.809764336747	0.494551975442
0.763120478551	0.820777006621	0.913173479137
0.716510681023	0.999143544162	0.828208533349
0.496234816138	0.699959558728	0.696758568126
0.514662348533	0.708999797488	0.587796935033
0.757841070783	0.764457341432	0.761047381687
0.734626555828	0.921941701843	0.627613091831
0.670170941054	0.837924438802	0.782900737147
0.684101977205	0.951912965477	0.86675244636
0.524960599158	0.720077670732	0.546439960402
0.814775479847	0.76580750108	0.489597423406
0.669555518401	0.677964256939	0.636960573766
0.867915495592	0.900497338789	0.613968012291
0.883560658141	0.818671884531	0.564404929797
0.646546573511	1.0231774366	0.787054692232
0.762278342145	0.63819247913	0.641843864272
0.846947978055	0.780484197736	0.695221348523
0.796111403264	0.796953488721	0.697164776201
0.586105366077	0.673709205143	0.734179085909
0.696989089497	0.98623973326	0.855787151786
0.751616433992	0.629463440062	0.703368168256
0.821855492429	0.841322541976	0.661479438288
0.650627618559	0.87261936483	0.492984803155
0.554534806046	0.790759523046	0.637020839469
0.715386435025	0.744741662294	0.494682917742
0.553835893693	0.894963036912	0.680278252678
0.823521606875	0.750260494883	0.646231731648
0.649177732052	0.743090556554	0.574175778385
0.536181686779	0.730370966024	0.639904799262
0.781271520657	0.739235020966	0.875792118411
0.684518251179	0.789520431625	0.769804749071
0.588119930156	0.713361520698	0.567722766546
0.640074846672	0.820997042493	0.600602589274
0.829149908679	0.772447429421	0.691708750393
0.64813300099	0.718688870329	0.900152054355
0.581016394505	0.622473253236	0.813255046821
0.663092073067	0.779533116425	0.853899300083
0.819747453981	0.905067081711	0.627897974933
0.651591916954	0.835949111166	0.605548885197
0.904218193003	0.748795004609	0.740577269012
0.7464014642	0.813218798579	0.664703820784
0.850838121799	0.639236538687	0.621366138722
0.71543276115	0.809075077413	0.51681251291
0.648288283246	1.01302917834	0.63257551482
0.654557491212	0.704756582773	0.582729866168
0.769020181365	0.602711168023	0.820475630704
0.705444199541	0.935290360004	0.553617362194
0.689910887355	0.875973263267	0.907298394274
0.773029638456	0.707142491147	0.906727098763
0.548724922042	0.701054365267	0.792177579055
0.552750886724	0.820172312498	0.575225720523
0.610054648713	0.785550946735	0.699327023034
0.688404443077	0.751026685756	0.845473179634
0.621452219639	0.918087531416	0.81354065419
0.829526993088	0.902070812577	0.788644659989
0.721700066689	0.728435953404	0.896171697854
0.773828382345	0.89683560793	0.554813613739
0.530168737975	0.676385519613	0.610911117623
0.719119511555	0.921893147803	0.853444881524
0.626569574541	0.838565962109	0.702745247897
0.693551352865	0.881912354422	0.506985603279
0.725147826185	0.95798968314	0.632859155223
0.78862791117	0.928364741263	0.84014781469
0.701920464657	0.609076126248	0.619840404078
0.802431891471	1.01974490517	0.688350667307
0.520910244051	0.912252695397	0.798913994467
0.923922269701	0.848551064631	0.685598644219
0.723269646368	0.703153260155	0.738320872557
0.870308181687	0.843683487375	0.657748960367
0.687720026439	0.635115039964	0.806720470705
0.8466938404	0.93890628528	0.670920890313
0.843718508383	0.637775472444	0.767995220622
0.858173594822	0.765167235793	0.532054169234
0.56291989756	0.752300694361	0.793398963237
0.530312607162	0.822636094835	0.665342227952
0.52623372376	0.93921718374	0.759454148763
0.591751038923	0.752738810934	0.555683233697
0.848133078509	0.875535968255	0.620155723267
0.779714783606	0.788972785189	0.491194711077
0.822994890272	0.818507007097	0.816482060244
0.618754117749	0.772977158681	0.719522910552
0.869240224718	0.834248054228	0.756843376935
0.681062453568	0.927925664825	0.733536104636
0.697979153498	0.608934577801	0.688860082136
0.853265948047	0.895170417052	0.58686356722
0.733411906044	0.987390813344	0.65929120669
0.702143774276	0.711658397407	0.557510467167
0.556030758198	0.789597338991	0.849171565817
0.647910642379	0.707565656649	0.568873747339
0.688860929884	0.826141578719	0.631533506941
0.538482224572	0.794859197644	0.541641066321
0.531317519645	0.966535530526	0.72220500647
0.85953532282	0.905977099454	0.644688008094
0.768336911284	0.732318664816	0.846801951513
0.638183325004	0.651439614395	0.849719451025
0.879687728727	0.647362502831	0.631109352717
0.542117573151	0.747043831701	0.84568946981
0.58888331173	0.741692041372	0.659055968513
0.638533981416	0.958445338942	0.869933547754
0.783339709473	0.760964186578	0.747184209986
0.636357436064	0.774600251247	0.858958427073
0.51526742622	0.786900275417	0.572279125297
0.630307304794	0.739525371603	0.912072933119
0.900953610485	0.747975090659	0.573248388364
0.798710066026	0.941502442479	0.870797363288
0.738040917684	0.80249026693	0.51523034319
0.702535914084	0.847789989158	0.461596997474
0.742612844486	0.937327754432	0.589531909175
0.745737987578	0.751433817433	0.716166085617
0.659138912967	0.674738340253	0.556423073145
0.617700291215	0.909206595798	0.778607821821
0.718622187625	0.656301011422	0.89040934649
0.809012700597	0.854535487039	0.48928178543
0.789403637933	0.825866116766	0.737539244288
0.877894208492	0.859150736292	0.740080914757
0.925372905117	0.825837082261	0.77106990913
0.689467797183	0.977326881084	0.846591999896
0.694214856024	0.584885276529	0.655107790448
0.699039570256	0.8474873153	0.720036736677
0.665779123427	0.894188374173	0.878390613376
0.514758181056	0.793087549355	0.756718536772
0.928231445002	0.753303004933	0.658821543402
0.811167659761	0.960198492415	0.760325953481
0.623287474271	0.874874223654	0.74437802007
0.534337117079	0.667598684998	0.712386387103
0.825614310966	0.706725384368	0.816700402411
0.662998441788	0.739311931246	0.516254690702
0.719121861752	0.62369182587	0.682730929595
0.563252544555	0.811450071427	0.890971193017
0.522610774965	0.77077378995	0.754740313183
0.808139316132	0.884796204937	0.583703856191
0.718331241738	0.594296535786	0.632584998047
0.754361818957	0.87234646475	0.551157580507
0.538737419161	0.895203838479	0.797465223772
0.809277115019	0.886079143205	0.633726789388
0.65253900779	0.903002279671	0.715567919976
0.602017222739	0.716793076183	0.625937855489
0.749898690036	0.936179939288	0.72784149119
0.829720513306	0.630242970048	0.689603630001
0.71906646186	1.04277178546	0.662753878005
0.722631824121	0.906586659317	0.813358246419
0.661062891626	0.906587567531	0.743739527783
0.58549876486	0.880641967725	0.618211715356
0.791945276822	0.595913918362	0.712990726236
0.787302061919	0.632380688443	0.546215970855
0.681884261321	0.830501883979	0.461901660836
0.752829176501	0.819634153446	0.87117214186
0.823640411994	0.740801312731	0.500324483431
0.821107676599	0.758477204832	0.710558578143
0.661061156087	0.822940051838	0.782499088344
0.707079421121	0.935228117418	0.675616290161
0.55865899751	0.917268961915	0.796176253436
0.492804209844	0.797696845863	0.701303285214
0.728699964284	0.835130047846	0.844801375556
